Nb_runs: 1 
N_traj: 1000 
n_disc: 10 
T_max: 5 
dt: 0.01 
mu: 0.03 
noise_factor: 0.1 
-10.0;-1.5;0.0000000000;0.0000000000
-8.0;-1.5;0.0000000000;0.0000000000
-6.0;-1.5;0.0000000000;0.0000000000
-4.0;-1.5;0.0000000000;0.0000000000
-2.0;-1.5;0.0000000000;0.0000000000
0.0;-1.5;0.0000000000;0.0000000000
2.0;-1.5;0.0000000000;0.0000000000
4.0;-1.5;0.0000000000;0.0000000000
6.0;-1.5;0.0000000000;0.0000000000
8.0;-1.5;0.0000000000;0.0000000000
10.0;-1.5;0.0000000000;0.0000000000
12.0;-1.5;0.0000000000;0.0000000000
14.0;-1.5;0.0001319824;0.0000000000
16.0;-1.5;0.0060682047;0.0000000000
18.0;-1.5;0.0684022045;0.0000000000
20.0;-1.5;0.3999669242;0.0000000000
22.0;-1.5;0.7831986931;0.0000000000
24.0;-1.5;0.9644772060;0.0000000000
26.0;-1.5;0.9990000000;0.0000000000
28.0;-1.5;1.0000000000;0.0000000000
30.0;-1.5;1.0000000000;0.0000000000
32.0;-1.5;1.0000000000;0.0000000000
34.0;-1.5;1.0000000000;0.0000000000
36.0;-1.5;1.0000000000;0.0000000000
38.0;-1.5;1.0000000000;0.0000000000
40.0;-1.5;1.0000000000;0.0000000000
42.0;-1.5;1.0000000000;0.0000000000
44.0;-1.5;1.0000000000;0.0000000000
46.0;-1.5;1.0000000000;0.0000000000
48.0;-1.5;1.0000000000;0.0000000000
50.0;-1.5;1.0000000000;0.0000000000
52.0;-1.5;1.0000000000;0.0000000000
54.0;-1.5;1.0000000000;0.0000000000
-10.0;-1.4;0.0000000000;0.0000000000
-8.0;-1.4;0.0000000000;0.0000000000
-6.0;-1.4;0.0000000000;0.0000000000
-4.0;-1.4;0.0000000000;0.0000000000
-2.0;-1.4;0.0000000000;0.0000000000
0.0;-1.4;0.0000000000;0.0000000000
2.0;-1.4;0.0000000000;0.0000000000
4.0;-1.4;0.0000000000;0.0000000000
6.0;-1.4;0.0000000000;0.0000000000
8.0;-1.4;0.0000000000;0.0000000000
10.0;-1.4;0.0000000000;0.0000000000
12.0;-1.4;0.0000000000;0.0000000000
14.0;-1.4;0.0000000000;0.0000000000
16.0;-1.4;0.0115846031;0.0000000000
18.0;-1.4;0.0843601999;0.0000000000
20.0;-1.4;0.3937695179;0.0000000000
22.0;-1.4;0.8063874391;0.0000000000
24.0;-1.4;0.9683584020;0.0000000000
26.0;-1.4;0.9990000000;0.0000000000
28.0;-1.4;1.0000000000;0.0000000000
30.0;-1.4;1.0000000000;0.0000000000
32.0;-1.4;1.0000000000;0.0000000000
34.0;-1.4;1.0000000000;0.0000000000
36.0;-1.4;1.0000000000;0.0000000000
38.0;-1.4;1.0000000000;0.0000000000
40.0;-1.4;1.0000000000;0.0000000000
42.0;-1.4;1.0000000000;0.0000000000
44.0;-1.4;1.0000000000;0.0000000000
46.0;-1.4;1.0000000000;0.0000000000
48.0;-1.4;1.0000000000;0.0000000000
50.0;-1.4;1.0000000000;0.0000000000
52.0;-1.4;1.0000000000;0.0000000000
54.0;-1.4;1.0000000000;0.0000000000
-10.0;-1.4;0.0000000000;0.0000000000
-8.0;-1.4;0.0000000000;0.0000000000
-6.0;-1.4;0.0000000000;0.0000000000
-4.0;-1.4;0.0000000000;0.0000000000
-2.0;-1.4;0.0000000000;0.0000000000
0.0;-1.4;0.0000000000;0.0000000000
2.0;-1.4;0.0000000000;0.0000000000
4.0;-1.4;0.0000000000;0.0000000000
6.0;-1.4;0.0000000000;0.0000000000
8.0;-1.4;0.0000000000;0.0000000000
10.0;-1.4;0.0000000000;0.0000000000
12.0;-1.4;0.0000000000;0.0000000000
14.0;-1.4;0.0000776093;0.0000000000
16.0;-1.4;0.0100748480;0.0000000000
18.0;-1.4;0.0853358845;0.0000000000
20.0;-1.4;0.4198095246;0.0000000000
22.0;-1.4;0.8120818052;0.0000000000
24.0;-1.4;0.9702980100;0.0000000000
26.0;-1.4;0.9990000000;0.0000000000
28.0;-1.4;1.0000000000;0.0000000000
30.0;-1.4;1.0000000000;0.0000000000
32.0;-1.4;1.0000000000;0.0000000000
34.0;-1.4;1.0000000000;0.0000000000
36.0;-1.4;1.0000000000;0.0000000000
38.0;-1.4;1.0000000000;0.0000000000
40.0;-1.4;1.0000000000;0.0000000000
42.0;-1.4;1.0000000000;0.0000000000
44.0;-1.4;1.0000000000;0.0000000000
46.0;-1.4;1.0000000000;0.0000000000
48.0;-1.4;1.0000000000;0.0000000000
50.0;-1.4;1.0000000000;0.0000000000
52.0;-1.4;1.0000000000;0.0000000000
54.0;-1.4;1.0000000000;0.0000000000
-10.0;-1.3;0.0000000000;0.0000000000
-8.0;-1.3;0.0000000000;0.0000000000
-6.0;-1.3;0.0000000000;0.0000000000
-4.0;-1.3;0.0000000000;0.0000000000
-2.0;-1.3;0.0000000000;0.0000000000
0.0;-1.3;0.0000000000;0.0000000000
2.0;-1.3;0.0000000000;0.0000000000
4.0;-1.3;0.0000000000;0.0000000000
6.0;-1.3;0.0000000000;0.0000000000
8.0;-1.3;0.0000000000;0.0000000000
10.0;-1.3;0.0000000000;0.0000000000
12.0;-1.3;0.0000000000;0.0000000000
14.0;-1.3;0.0006634198;0.0000000000
16.0;-1.3;0.0105098239;0.0000000000
18.0;-1.3;0.1013936226;0.0000000000
20.0;-1.3;0.4349460702;0.0000000000
22.0;-1.3;0.8227653429;0.0000000000
24.0;-1.3;0.9732393000;0.0000000000
26.0;-1.3;0.9990000000;0.0000000000
28.0;-1.3;1.0000000000;0.0000000000
30.0;-1.3;1.0000000000;0.0000000000
32.0;-1.3;1.0000000000;0.0000000000
34.0;-1.3;1.0000000000;0.0000000000
36.0;-1.3;1.0000000000;0.0000000000
38.0;-1.3;1.0000000000;0.0000000000
40.0;-1.3;1.0000000000;0.0000000000
42.0;-1.3;1.0000000000;0.0000000000
44.0;-1.3;1.0000000000;0.0000000000
46.0;-1.3;1.0000000000;0.0000000000
48.0;-1.3;1.0000000000;0.0000000000
50.0;-1.3;1.0000000000;0.0000000000
52.0;-1.3;1.0000000000;0.0000000000
54.0;-1.3;1.0000000000;0.0000000000
-10.0;-1.3;0.0000000000;0.0000000000
-8.0;-1.3;0.0000000000;0.0000000000
-6.0;-1.3;0.0000000000;0.0000000000
-4.0;-1.3;0.0000000000;0.0000000000
-2.0;-1.3;0.0000000000;0.0000000000
0.0;-1.3;0.0000000000;0.0000000000
2.0;-1.3;0.0000000000;0.0000000000
4.0;-1.3;0.0000000000;0.0000000000
6.0;-1.3;0.0000000000;0.0000000000
8.0;-1.3;0.0000000000;0.0000000000
10.0;-1.3;0.0000000000;0.0000000000
12.0;-1.3;0.0000000000;0.0000000000
14.0;-1.3;0.0000804407;0.0000000000
16.0;-1.3;0.0124686586;0.0000000000
18.0;-1.3;0.1153250387;0.0000000000
20.0;-1.3;0.4538087424;0.0000000000
22.0;-1.3;0.8429089281;0.0000000000
24.0;-1.3;0.9781398000;0.0000000000
26.0;-1.3;0.9990000000;0.0000000000
28.0;-1.3;1.0000000000;0.0000000000
30.0;-1.3;1.0000000000;0.0000000000
32.0;-1.3;1.0000000000;0.0000000000
34.0;-1.3;1.0000000000;0.0000000000
36.0;-1.3;1.0000000000;0.0000000000
38.0;-1.3;1.0000000000;0.0000000000
40.0;-1.3;1.0000000000;0.0000000000
42.0;-1.3;1.0000000000;0.0000000000
44.0;-1.3;1.0000000000;0.0000000000
46.0;-1.3;1.0000000000;0.0000000000
48.0;-1.3;1.0000000000;0.0000000000
50.0;-1.3;1.0000000000;0.0000000000
52.0;-1.3;1.0000000000;0.0000000000
54.0;-1.3;1.0000000000;0.0000000000
-10.0;-1.2;0.0000000000;0.0000000000
-8.0;-1.2;0.0000000000;0.0000000000
-6.0;-1.2;0.0000000000;0.0000000000
-4.0;-1.2;0.0000000000;0.0000000000
-2.0;-1.2;0.0000000000;0.0000000000
0.0;-1.2;0.0000000000;0.0000000000
2.0;-1.2;0.0000000000;0.0000000000
4.0;-1.2;0.0000000000;0.0000000000
6.0;-1.2;0.0000000000;0.0000000000
8.0;-1.2;0.0000000000;0.0000000000
10.0;-1.2;0.0000000000;0.0000000000
12.0;-1.2;0.0000000000;0.0000000000
14.0;-1.2;0.0005564430;0.0000000000
16.0;-1.2;0.0129749153;0.0000000000
18.0;-1.2;0.1128192437;0.0000000000
20.0;-1.2;0.4827007964;0.0000000000
22.0;-1.2;0.8556807248;0.0000000000
24.0;-1.2;0.9810900000;0.0000000000
26.0;-1.2;0.9990000000;0.0000000000
28.0;-1.2;1.0000000000;0.0000000000
30.0;-1.2;1.0000000000;0.0000000000
32.0;-1.2;1.0000000000;0.0000000000
34.0;-1.2;1.0000000000;0.0000000000
36.0;-1.2;1.0000000000;0.0000000000
38.0;-1.2;1.0000000000;0.0000000000
40.0;-1.2;1.0000000000;0.0000000000
42.0;-1.2;1.0000000000;0.0000000000
44.0;-1.2;1.0000000000;0.0000000000
46.0;-1.2;1.0000000000;0.0000000000
48.0;-1.2;1.0000000000;0.0000000000
50.0;-1.2;1.0000000000;0.0000000000
52.0;-1.2;1.0000000000;0.0000000000
54.0;-1.2;1.0000000000;0.0000000000
-10.0;-1.2;0.0000000000;0.0000000000
-8.0;-1.2;0.0000000000;0.0000000000
-6.0;-1.2;0.0000000000;0.0000000000
-4.0;-1.2;0.0000000000;0.0000000000
-2.0;-1.2;0.0000000000;0.0000000000
0.0;-1.2;0.0000000000;0.0000000000
2.0;-1.2;0.0000000000;0.0000000000
4.0;-1.2;0.0000000000;0.0000000000
6.0;-1.2;0.0000000000;0.0000000000
8.0;-1.2;0.0000000000;0.0000000000
10.0;-1.2;0.0000000000;0.0000000000
12.0;-1.2;0.0000000000;0.0000000000
14.0;-1.2;0.0015700094;0.0000000000
16.0;-1.2;0.0133456484;0.0000000000
18.0;-1.2;0.1271644643;0.0000000000
20.0;-1.2;0.4990668993;0.0000000000
22.0;-1.2;0.8766337437;0.0000000000
24.0;-1.2;0.9850500000;0.0000000000
26.0;-1.2;0.9990000000;0.0000000000
28.0;-1.2;1.0000000000;0.0000000000
30.0;-1.2;1.0000000000;0.0000000000
32.0;-1.2;1.0000000000;0.0000000000
34.0;-1.2;1.0000000000;0.0000000000
36.0;-1.2;1.0000000000;0.0000000000
38.0;-1.2;1.0000000000;0.0000000000
40.0;-1.2;1.0000000000;0.0000000000
42.0;-1.2;1.0000000000;0.0000000000
44.0;-1.2;1.0000000000;0.0000000000
46.0;-1.2;1.0000000000;0.0000000000
48.0;-1.2;1.0000000000;0.0000000000
50.0;-1.2;1.0000000000;0.0000000000
52.0;-1.2;1.0000000000;0.0000000000
54.0;-1.2;1.0000000000;0.0000000000
-10.0;-1.1;0.0000000000;0.0000000000
-8.0;-1.1;0.0000000000;0.0000000000
-6.0;-1.1;0.0000000000;0.0000000000
-4.0;-1.1;0.0000000000;0.0000000000
-2.0;-1.1;0.0000000000;0.0000000000
0.0;-1.1;0.0000000000;0.0000000000
2.0;-1.1;0.0000000000;0.0000000000
4.0;-1.1;0.0000000000;0.0000000000
6.0;-1.1;0.0000000000;0.0000000000
8.0;-1.1;0.0000000000;0.0000000000
10.0;-1.1;0.0000000000;0.0000000000
12.0;-1.1;0.0000000000;0.0000000000
14.0;-1.1;0.0025928789;0.0000000000
16.0;-1.1;0.0098473087;0.0000000000
18.0;-1.1;0.1628598738;0.0000000000
20.0;-1.1;0.5194877769;0.0000000000
22.0;-1.1;0.8881358886;0.0000000000
24.0;-1.1;0.9850500000;0.0000000000
26.0;-1.1;1.0000000000;0.0000000000
28.0;-1.1;1.0000000000;0.0000000000
30.0;-1.1;1.0000000000;0.0000000000
32.0;-1.1;1.0000000000;0.0000000000
34.0;-1.1;1.0000000000;0.0000000000
36.0;-1.1;1.0000000000;0.0000000000
38.0;-1.1;1.0000000000;0.0000000000
40.0;-1.1;1.0000000000;0.0000000000
42.0;-1.1;1.0000000000;0.0000000000
44.0;-1.1;1.0000000000;0.0000000000
46.0;-1.1;1.0000000000;0.0000000000
48.0;-1.1;1.0000000000;0.0000000000
50.0;-1.1;1.0000000000;0.0000000000
52.0;-1.1;1.0000000000;0.0000000000
54.0;-1.1;1.0000000000;0.0000000000
-10.0;-1.1;0.0000000000;0.0000000000
-8.0;-1.1;0.0000000000;0.0000000000
-6.0;-1.1;0.0000000000;0.0000000000
-4.0;-1.1;0.0000000000;0.0000000000
-2.0;-1.1;0.0000000000;0.0000000000
0.0;-1.1;0.0000000000;0.0000000000
2.0;-1.1;0.0000000000;0.0000000000
4.0;-1.1;0.0000000000;0.0000000000
6.0;-1.1;0.0000000000;0.0000000000
8.0;-1.1;0.0000000000;0.0000000000
10.0;-1.1;0.0000000000;0.0000000000
12.0;-1.1;0.0000075890;0.0000000000
14.0;-1.1;0.0020654808;0.0000000000
16.0;-1.1;0.0219627211;0.0000000000
18.0;-1.1;0.1623164376;0.0000000000
20.0;-1.1;0.5811845560;0.0000000000
22.0;-1.1;0.9079938132;0.0000000000
24.0;-1.1;0.9900000000;0.0000000000
26.0;-1.1;1.0000000000;0.0000000000
28.0;-1.1;1.0000000000;0.0000000000
30.0;-1.1;1.0000000000;0.0000000000
32.0;-1.1;1.0000000000;0.0000000000
34.0;-1.1;1.0000000000;0.0000000000
36.0;-1.1;1.0000000000;0.0000000000
38.0;-1.1;1.0000000000;0.0000000000
40.0;-1.1;1.0000000000;0.0000000000
42.0;-1.1;1.0000000000;0.0000000000
44.0;-1.1;1.0000000000;0.0000000000
46.0;-1.1;1.0000000000;0.0000000000
48.0;-1.1;1.0000000000;0.0000000000
50.0;-1.1;1.0000000000;0.0000000000
52.0;-1.1;1.0000000000;0.0000000000
54.0;-1.1;1.0000000000;0.0000000000
-10.0;-1.0;0.0000000000;0.0000000000
-8.0;-1.0;0.0000000000;0.0000000000
-6.0;-1.0;0.0000000000;0.0000000000
-4.0;-1.0;0.0000000000;0.0000000000
-2.0;-1.0;0.0000000000;0.0000000000
0.0;-1.0;0.0000000000;0.0000000000
2.0;-1.0;0.0000000000;0.0000000000
4.0;-1.0;0.0000000000;0.0000000000
6.0;-1.0;0.0000000000;0.0000000000
8.0;-1.0;0.0000000000;0.0000000000
10.0;-1.0;0.0000000000;0.0000000000
12.0;-1.0;0.0000180035;0.0000000000
14.0;-1.0;0.0016056609;0.0000000000
16.0;-1.0;0.0247815256;0.0000000000
18.0;-1.0;0.1975652181;0.0000000000
20.0;-1.0;0.6075093887;0.0000000000
22.0;-1.0;0.9218051087;0.0000000000
24.0;-1.0;0.9920000000;0.0000000000
26.0;-1.0;1.0000000000;0.0000000000
28.0;-1.0;1.0000000000;0.0000000000
30.0;-1.0;1.0000000000;0.0000000000
32.0;-1.0;1.0000000000;0.0000000000
34.0;-1.0;1.0000000000;0.0000000000
36.0;-1.0;1.0000000000;0.0000000000
38.0;-1.0;1.0000000000;0.0000000000
40.0;-1.0;1.0000000000;0.0000000000
42.0;-1.0;1.0000000000;0.0000000000
44.0;-1.0;1.0000000000;0.0000000000
46.0;-1.0;1.0000000000;0.0000000000
48.0;-1.0;1.0000000000;0.0000000000
50.0;-1.0;1.0000000000;0.0000000000
52.0;-1.0;1.0000000000;0.0000000000
54.0;-1.0;1.0000000000;0.0000000000
-10.0;-1.0;0.0000000000;0.0000000000
-8.0;-1.0;0.0000000000;0.0000000000
-6.0;-1.0;0.0000000000;0.0000000000
-4.0;-1.0;0.0000000000;0.0000000000
-2.0;-1.0;0.0000000000;0.0000000000
0.0;-1.0;0.0000000000;0.0000000000
2.0;-1.0;0.0000000000;0.0000000000
4.0;-1.0;0.0000000000;0.0000000000
6.0;-1.0;0.0000000000;0.0000000000
8.0;-1.0;0.0000000000;0.0000000000
10.0;-1.0;0.0000000000;0.0000000000
12.0;-1.0;0.0000346652;0.0000000000
14.0;-1.0;0.0051677318;0.0000000000
16.0;-1.0;0.0356702431;0.0000000000
18.0;-1.0;0.2338597859;0.0000000000
20.0;-1.0;0.6408495796;0.0000000000
22.0;-1.0;0.9405281997;0.0000000000
24.0;-1.0;0.9950000000;0.0000000000
26.0;-1.0;1.0000000000;0.0000000000
28.0;-1.0;1.0000000000;0.0000000000
30.0;-1.0;1.0000000000;0.0000000000
32.0;-1.0;1.0000000000;0.0000000000
34.0;-1.0;1.0000000000;0.0000000000
36.0;-1.0;1.0000000000;0.0000000000
38.0;-1.0;1.0000000000;0.0000000000
40.0;-1.0;1.0000000000;0.0000000000
42.0;-1.0;1.0000000000;0.0000000000
44.0;-1.0;1.0000000000;0.0000000000
46.0;-1.0;1.0000000000;0.0000000000
48.0;-1.0;1.0000000000;0.0000000000
50.0;-1.0;1.0000000000;0.0000000000
52.0;-1.0;1.0000000000;0.0000000000
54.0;-1.0;1.0000000000;0.0000000000
-10.0;-0.9;0.0000000000;0.0000000000
-8.0;-0.9;0.0000000000;0.0000000000
-6.0;-0.9;0.0000000000;0.0000000000
-4.0;-0.9;0.0000000000;0.0000000000
-2.0;-0.9;0.0000000000;0.0000000000
0.0;-0.9;0.0000000000;0.0000000000
2.0;-0.9;0.0000000000;0.0000000000
4.0;-0.9;0.0000000000;0.0000000000
6.0;-0.9;0.0000000000;0.0000000000
8.0;-0.9;0.0000000000;0.0000000000
10.0;-0.9;0.0000000000;0.0000000000
12.0;-0.9;0.0001358324;0.0000000000
14.0;-0.9;0.0058659915;0.0000000000
16.0;-0.9;0.0554159843;0.0000000000
18.0;-0.9;0.2593982358;0.0000000000
20.0;-0.9;0.7082195349;0.0000000000
22.0;-0.9;0.9481293950;0.0000000000
24.0;-0.9;0.9970000000;0.0000000000
26.0;-0.9;1.0000000000;0.0000000000
28.0;-0.9;1.0000000000;0.0000000000
30.0;-0.9;1.0000000000;0.0000000000
32.0;-0.9;1.0000000000;0.0000000000
34.0;-0.9;1.0000000000;0.0000000000
36.0;-0.9;1.0000000000;0.0000000000
38.0;-0.9;1.0000000000;0.0000000000
40.0;-0.9;1.0000000000;0.0000000000
42.0;-0.9;1.0000000000;0.0000000000
44.0;-0.9;1.0000000000;0.0000000000
46.0;-0.9;1.0000000000;0.0000000000
48.0;-0.9;1.0000000000;0.0000000000
50.0;-0.9;1.0000000000;0.0000000000
52.0;-0.9;1.0000000000;0.0000000000
54.0;-0.9;1.0000000000;0.0000000000
-10.0;-0.9;0.0000000000;0.0000000000
-8.0;-0.9;0.0000000000;0.0000000000
-6.0;-0.9;0.0000000000;0.0000000000
-4.0;-0.9;0.0000000000;0.0000000000
-2.0;-0.9;0.0000000000;0.0000000000
0.0;-0.9;0.0000000000;0.0000000000
2.0;-0.9;0.0000000000;0.0000000000
4.0;-0.9;0.0000000000;0.0000000000
6.0;-0.9;0.0000000000;0.0000000000
8.0;-0.9;0.0000000000;0.0000000000
10.0;-0.9;0.0000000000;0.0000000000
12.0;-0.9;0.0000456890;0.0000000000
14.0;-0.9;0.0051435496;0.0000000000
16.0;-0.9;0.0619137659;0.0000000000
18.0;-0.9;0.3343751387;0.0000000000
20.0;-0.9;0.7402187818;0.0000000000
22.0;-0.9;0.9654475050;0.0000000000
24.0;-0.9;0.9990000000;0.0000000000
26.0;-0.9;1.0000000000;0.0000000000
28.0;-0.9;1.0000000000;0.0000000000
30.0;-0.9;1.0000000000;0.0000000000
32.0;-0.9;1.0000000000;0.0000000000
34.0;-0.9;1.0000000000;0.0000000000
36.0;-0.9;1.0000000000;0.0000000000
38.0;-0.9;1.0000000000;0.0000000000
40.0;-0.9;1.0000000000;0.0000000000
42.0;-0.9;1.0000000000;0.0000000000
44.0;-0.9;1.0000000000;0.0000000000
46.0;-0.9;1.0000000000;0.0000000000
48.0;-0.9;1.0000000000;0.0000000000
50.0;-0.9;1.0000000000;0.0000000000
52.0;-0.9;1.0000000000;0.0000000000
54.0;-0.9;1.0000000000;0.0000000000
-10.0;-0.8;0.0000000000;0.0000000000
-8.0;-0.8;0.0000000000;0.0000000000
-6.0;-0.8;0.0000000000;0.0000000000
-4.0;-0.8;0.0000000000;0.0000000000
-2.0;-0.8;0.0000000000;0.0000000000
0.0;-0.8;0.0000000000;0.0000000000
2.0;-0.8;0.0000000000;0.0000000000
4.0;-0.8;0.0000000000;0.0000000000
6.0;-0.8;0.0000000000;0.0000000000
8.0;-0.8;0.0000000000;0.0000000000
10.0;-0.8;0.0000000000;0.0000000000
12.0;-0.8;0.0004437549;0.0000000000
14.0;-0.8;0.0058307841;0.0000000000
16.0;-0.8;0.0902418469;0.0000000000
18.0;-0.8;0.4090188857;0.0000000000
20.0;-0.8;0.8063882652;0.0000000000
22.0;-0.8;0.9751995000;0.0000000000
24.0;-0.8;0.9990000000;0.0000000000
26.0;-0.8;1.0000000000;0.0000000000
28.0;-0.8;1.0000000000;0.0000000000
30.0;-0.8;1.0000000000;0.0000000000
32.0;-0.8;1.0000000000;0.0000000000
34.0;-0.8;1.0000000000;0.0000000000
36.0;-0.8;1.0000000000;0.0000000000
38.0;-0.8;1.0000000000;0.0000000000
40.0;-0.8;1.0000000000;0.0000000000
42.0;-0.8;1.0000000000;0.0000000000
44.0;-0.8;1.0000000000;0.0000000000
46.0;-0.8;1.0000000000;0.0000000000
48.0;-0.8;1.0000000000;0.0000000000
50.0;-0.8;1.0000000000;0.0000000000
52.0;-0.8;1.0000000000;0.0000000000
54.0;-0.8;1.0000000000;0.0000000000
-10.0;-0.8;0.0000000000;0.0000000000
-8.0;-0.8;0.0000000000;0.0000000000
-6.0;-0.8;0.0000000000;0.0000000000
-4.0;-0.8;0.0000000000;0.0000000000
-2.0;-0.8;0.0000000000;0.0000000000
0.0;-0.8;0.0000000000;0.0000000000
2.0;-0.8;0.0000000000;0.0000000000
4.0;-0.8;0.0000000000;0.0000000000
6.0;-0.8;0.0000000000;0.0000000000
8.0;-0.8;0.0000000565;0.0000000000
10.0;-0.8;0.0000035085;0.0000000000
12.0;-0.8;0.0005555406;0.0000000000
14.0;-0.8;0.0130755961;0.0000000000
16.0;-0.8;0.1210283155;0.0000000000
18.0;-0.8;0.5047522241;0.0000000000
20.0;-0.8;0.8652366276;0.0000000000
22.0;-0.8;0.9860400000;0.0000000000
24.0;-0.8;1.0000000000;0.0000000000
26.0;-0.8;1.0000000000;0.0000000000
28.0;-0.8;1.0000000000;0.0000000000
30.0;-0.8;1.0000000000;0.0000000000
32.0;-0.8;1.0000000000;0.0000000000
34.0;-0.8;1.0000000000;0.0000000000
36.0;-0.8;1.0000000000;0.0000000000
38.0;-0.8;1.0000000000;0.0000000000
40.0;-0.8;1.0000000000;0.0000000000
42.0;-0.8;1.0000000000;0.0000000000
44.0;-0.8;1.0000000000;0.0000000000
46.0;-0.8;1.0000000000;0.0000000000
48.0;-0.8;1.0000000000;0.0000000000
50.0;-0.8;1.0000000000;0.0000000000
52.0;-0.8;1.0000000000;0.0000000000
54.0;-0.8;1.0000000000;0.0000000000
-10.0;-0.7;0.0000000000;0.0000000000
-8.0;-0.7;0.0000000000;0.0000000000
-6.0;-0.7;0.0000000000;0.0000000000
-4.0;-0.7;0.0000000000;0.0000000000
-2.0;-0.7;0.0000000000;0.0000000000
0.0;-0.7;0.0000000000;0.0000000000
2.0;-0.7;0.0000000000;0.0000000000
4.0;-0.7;0.0000000000;0.0000000000
6.0;-0.7;0.0000000000;0.0000000000
8.0;-0.7;0.0000000000;0.0000000000
10.0;-0.7;0.0000001297;0.0000000000
12.0;-0.7;0.0017522115;0.0000000000
14.0;-0.7;0.0208280638;0.0000000000
16.0;-0.7;0.1922375037;0.0000000000
18.0;-0.7;0.5724318885;0.0000000000
20.0;-0.7;0.9025513570;0.0000000000
22.0;-0.7;0.9920000000;0.0000000000
24.0;-0.7;1.0000000000;0.0000000000
26.0;-0.7;1.0000000000;0.0000000000
28.0;-0.7;1.0000000000;0.0000000000
30.0;-0.7;1.0000000000;0.0000000000
32.0;-0.7;1.0000000000;0.0000000000
34.0;-0.7;1.0000000000;0.0000000000
36.0;-0.7;1.0000000000;0.0000000000
38.0;-0.7;1.0000000000;0.0000000000
40.0;-0.7;1.0000000000;0.0000000000
42.0;-0.7;1.0000000000;0.0000000000
44.0;-0.7;1.0000000000;0.0000000000
46.0;-0.7;1.0000000000;0.0000000000
48.0;-0.7;1.0000000000;0.0000000000
50.0;-0.7;1.0000000000;0.0000000000
52.0;-0.7;1.0000000000;0.0000000000
54.0;-0.7;1.0000000000;0.0000000000
-10.0;-0.7;0.0000000000;0.0000000000
-8.0;-0.7;0.0000000000;0.0000000000
-6.0;-0.7;0.0000000000;0.0000000000
-4.0;-0.7;0.0000000000;0.0000000000
-2.0;-0.7;0.0000000000;0.0000000000
0.0;-0.7;0.0000000000;0.0000000000
2.0;-0.7;0.0000000000;0.0000000000
4.0;-0.7;0.0000000000;0.0000000000
6.0;-0.7;0.0000000000;0.0000000000
8.0;-0.7;0.0000003217;0.0000000000
10.0;-0.7;0.0000182881;0.0000000000
12.0;-0.7;0.0043809820;0.0000000000
14.0;-0.7;0.0613686164;0.0000000000
16.0;-0.7;0.2804286970;0.0000000000
18.0;-0.7;0.6843914785;0.0000000000
20.0;-0.7;0.9433792477;0.0000000000
22.0;-0.7;0.9960000000;0.0000000000
24.0;-0.7;1.0000000000;0.0000000000
26.0;-0.7;1.0000000000;0.0000000000
28.0;-0.7;1.0000000000;0.0000000000
30.0;-0.7;1.0000000000;0.0000000000
32.0;-0.7;1.0000000000;0.0000000000
34.0;-0.7;1.0000000000;0.0000000000
36.0;-0.7;1.0000000000;0.0000000000
38.0;-0.7;1.0000000000;0.0000000000
40.0;-0.7;1.0000000000;0.0000000000
42.0;-0.7;1.0000000000;0.0000000000
44.0;-0.7;1.0000000000;0.0000000000
46.0;-0.7;1.0000000000;0.0000000000
48.0;-0.7;1.0000000000;0.0000000000
50.0;-0.7;1.0000000000;0.0000000000
52.0;-0.7;1.0000000000;0.0000000000
54.0;-0.7;1.0000000000;0.0000000000
-10.0;-0.6;0.0000000000;0.0000000000
-8.0;-0.6;0.0000000000;0.0000000000
-6.0;-0.6;0.0000000000;0.0000000000
-4.0;-0.6;0.0000000000;0.0000000000
-2.0;-0.6;0.0000000000;0.0000000000
0.0;-0.6;0.0000000000;0.0000000000
2.0;-0.6;0.0000000000;0.0000000000
4.0;-0.6;0.0000000000;0.0000000000
6.0;-0.6;0.0000000000;0.0000000000
8.0;-0.6;0.0000059465;0.0000000000
10.0;-0.6;0.0003380890;0.0000000000
12.0;-0.6;0.0049379815;0.0000000000
14.0;-0.6;0.1050616112;0.0000000000
16.0;-0.6;0.3814686471;0.0000000000
18.0;-0.6;0.7951537620;0.0000000000
20.0;-0.6;0.9751995000;0.0000000000
22.0;-0.6;0.9990000000;0.0000000000
24.0;-0.6;1.0000000000;0.0000000000
26.0;-0.6;1.0000000000;0.0000000000
28.0;-0.6;1.0000000000;0.0000000000
30.0;-0.6;1.0000000000;0.0000000000
32.0;-0.6;1.0000000000;0.0000000000
34.0;-0.6;1.0000000000;0.0000000000
36.0;-0.6;1.0000000000;0.0000000000
38.0;-0.6;1.0000000000;0.0000000000
40.0;-0.6;1.0000000000;0.0000000000
42.0;-0.6;1.0000000000;0.0000000000
44.0;-0.6;1.0000000000;0.0000000000
46.0;-0.6;1.0000000000;0.0000000000
48.0;-0.6;1.0000000000;0.0000000000
50.0;-0.6;1.0000000000;0.0000000000
52.0;-0.6;1.0000000000;0.0000000000
54.0;-0.6;1.0000000000;0.0000000000
-10.0;-0.6;0.0000000000;0.0000000000
-8.0;-0.6;0.0000000000;0.0000000000
-6.0;-0.6;0.0000000000;0.0000000000
-4.0;-0.6;0.0000000000;0.0000000000
-2.0;-0.6;0.0000000000;0.0000000000
0.0;-0.6;0.0000000000;0.0000000000
2.0;-0.6;0.0000000000;0.0000000000
4.0;-0.6;0.0000000000;0.0000000000
6.0;-0.6;0.0000000000;0.0000000000
8.0;-0.6;0.0000047033;0.0000000000
10.0;-0.6;0.0011688307;0.0000000000
12.0;-0.6;0.0212806886;0.0000000000
14.0;-0.6;0.1789400292;0.0000000000
16.0;-0.6;0.5405864779;0.0000000000
18.0;-0.6;0.8695994774;0.0000000000
20.0;-0.6;0.9880200000;0.0000000000
22.0;-0.6;1.0000000000;0.0000000000
24.0;-0.6;1.0000000000;0.0000000000
26.0;-0.6;1.0000000000;0.0000000000
28.0;-0.6;1.0000000000;0.0000000000
30.0;-0.6;1.0000000000;0.0000000000
32.0;-0.6;1.0000000000;0.0000000000
34.0;-0.6;1.0000000000;0.0000000000
36.0;-0.6;1.0000000000;0.0000000000
38.0;-0.6;1.0000000000;0.0000000000
40.0;-0.6;1.0000000000;0.0000000000
42.0;-0.6;1.0000000000;0.0000000000
44.0;-0.6;1.0000000000;0.0000000000
46.0;-0.6;1.0000000000;0.0000000000
48.0;-0.6;1.0000000000;0.0000000000
50.0;-0.6;1.0000000000;0.0000000000
52.0;-0.6;1.0000000000;0.0000000000
54.0;-0.6;1.0000000000;0.0000000000
-10.0;-0.5;0.0000000000;0.0000000000
-8.0;-0.5;0.0000000000;0.0000000000
-6.0;-0.5;0.0000000000;0.0000000000
-4.0;-0.5;0.0000000000;0.0000000000
-2.0;-0.5;0.0000000000;0.0000000000
0.0;-0.5;0.0000000000;0.0000000000
2.0;-0.5;0.0000000000;0.0000000000
4.0;-0.5;0.0000000000;0.0000000000
6.0;-0.5;0.0000000000;0.0000000000
8.0;-0.5;0.0000033780;0.0000000000
10.0;-0.5;0.0031000486;0.0000000000
12.0;-0.5;0.0588052454;0.0000000000
14.0;-0.5;0.2879162519;0.0000000000
16.0;-0.5;0.6754789678;0.0000000000
18.0;-0.5;0.9348859844;0.0000000000
20.0;-0.5;0.9960000000;0.0000000000
22.0;-0.5;1.0000000000;0.0000000000
24.0;-0.5;1.0000000000;0.0000000000
26.0;-0.5;1.0000000000;0.0000000000
28.0;-0.5;1.0000000000;0.0000000000
30.0;-0.5;1.0000000000;0.0000000000
32.0;-0.5;1.0000000000;0.0000000000
34.0;-0.5;1.0000000000;0.0000000000
36.0;-0.5;1.0000000000;0.0000000000
38.0;-0.5;1.0000000000;0.0000000000
40.0;-0.5;1.0000000000;0.0000000000
42.0;-0.5;1.0000000000;0.0000000000
44.0;-0.5;1.0000000000;0.0000000000
46.0;-0.5;1.0000000000;0.0000000000
48.0;-0.5;1.0000000000;0.0000000000
50.0;-0.5;1.0000000000;0.0000000000
52.0;-0.5;1.0000000000;0.0000000000
54.0;-0.5;1.0000000000;0.0000000000
-10.0;-0.5;0.0000000000;0.0000000000
-8.0;-0.5;0.0000000000;0.0000000000
-6.0;-0.5;0.0000000000;0.0000000000
-4.0;-0.5;0.0000000000;0.0000000000
-2.0;-0.5;0.0000000000;0.0000000000
0.0;-0.5;0.0000000000;0.0000000000
2.0;-0.5;0.0000000000;0.0000000000
4.0;-0.5;0.0000000000;0.0000000000
6.0;-0.5;0.0000000000;0.0000000000
8.0;-0.5;0.0000112455;0.0000000000
10.0;-0.5;0.0119753594;0.0000000000
12.0;-0.5;0.1375653092;0.0000000000
14.0;-0.5;0.4568464987;0.0000000000
16.0;-0.5;0.8153754481;0.0000000000
18.0;-0.5;0.9742194000;0.0000000000
20.0;-0.5;0.9990000000;0.0000000000
22.0;-0.5;1.0000000000;0.0000000000
24.0;-0.5;1.0000000000;0.0000000000
26.0;-0.5;1.0000000000;0.0000000000
28.0;-0.5;1.0000000000;0.0000000000
30.0;-0.5;1.0000000000;0.0000000000
32.0;-0.5;1.0000000000;0.0000000000
34.0;-0.5;1.0000000000;0.0000000000
36.0;-0.5;1.0000000000;0.0000000000
38.0;-0.5;1.0000000000;0.0000000000
40.0;-0.5;1.0000000000;0.0000000000
42.0;-0.5;1.0000000000;0.0000000000
44.0;-0.5;1.0000000000;0.0000000000
46.0;-0.5;1.0000000000;0.0000000000
48.0;-0.5;1.0000000000;0.0000000000
50.0;-0.5;1.0000000000;0.0000000000
52.0;-0.5;1.0000000000;0.0000000000
54.0;-0.5;1.0000000000;0.0000000000
-10.0;-0.4;0.0000000000;0.0000000000
-8.0;-0.4;0.0000000000;0.0000000000
-6.0;-0.4;0.0000000000;0.0000000000
-4.0;-0.4;0.0000000000;0.0000000000
-2.0;-0.4;0.0000000000;0.0000000000
0.0;-0.4;0.0000000000;0.0000000000
2.0;-0.4;0.0000000000;0.0000000000
4.0;-0.4;0.0000000000;0.0000000000
6.0;-0.4;0.0000000000;0.0000000000
8.0;-0.4;0.0001886865;0.0000000000
10.0;-0.4;0.0467369945;0.0000000000
12.0;-0.4;0.2681182577;0.0000000000
14.0;-0.4;0.6613702119;0.0000000000
16.0;-0.4;0.9190397422;0.0000000000
18.0;-0.4;0.9930000000;0.0000000000
20.0;-0.4;1.0000000000;0.0000000000
22.0;-0.4;1.0000000000;0.0000000000
24.0;-0.4;1.0000000000;0.0000000000
26.0;-0.4;1.0000000000;0.0000000000
28.0;-0.4;1.0000000000;0.0000000000
30.0;-0.4;1.0000000000;0.0000000000
32.0;-0.4;1.0000000000;0.0000000000
34.0;-0.4;1.0000000000;0.0000000000
36.0;-0.4;1.0000000000;0.0000000000
38.0;-0.4;1.0000000000;0.0000000000
40.0;-0.4;1.0000000000;0.0000000000
42.0;-0.4;1.0000000000;0.0000000000
44.0;-0.4;1.0000000000;0.0000000000
46.0;-0.4;1.0000000000;0.0000000000
48.0;-0.4;1.0000000000;0.0000000000
50.0;-0.4;1.0000000000;0.0000000000
52.0;-0.4;1.0000000000;0.0000000000
54.0;-0.4;1.0000000000;0.0000000000
-10.0;-0.4;0.0000000000;0.0000000000
-8.0;-0.4;0.0000000000;0.0000000000
-6.0;-0.4;0.0000000000;0.0000000000
-4.0;-0.4;0.0000000000;0.0000000000
-2.0;-0.4;0.0000000000;0.0000000000
0.0;-0.4;0.0000000000;0.0000000000
2.0;-0.4;0.0000000000;0.0000000000
4.0;-0.4;0.0000000000;0.0000000000
6.0;-0.4;0.0000000173;0.0000000000
8.0;-0.4;0.0033043512;0.0000000000
10.0;-0.4;0.1348416686;0.0000000000
12.0;-0.4;0.4766586953;0.0000000000
14.0;-0.4;0.8137372763;0.0000000000
16.0;-0.4;0.9693287010;0.0000000000
18.0;-0.4;0.9990000000;0.0000000000
20.0;-0.4;1.0000000000;0.0000000000
22.0;-0.4;1.0000000000;0.0000000000
24.0;-0.4;1.0000000000;0.0000000000
26.0;-0.4;1.0000000000;0.0000000000
28.0;-0.4;1.0000000000;0.0000000000
30.0;-0.4;1.0000000000;0.0000000000
32.0;-0.4;1.0000000000;0.0000000000
34.0;-0.4;1.0000000000;0.0000000000
36.0;-0.4;1.0000000000;0.0000000000
38.0;-0.4;1.0000000000;0.0000000000
40.0;-0.4;1.0000000000;0.0000000000
42.0;-0.4;1.0000000000;0.0000000000
44.0;-0.4;1.0000000000;0.0000000000
46.0;-0.4;1.0000000000;0.0000000000
48.0;-0.4;1.0000000000;0.0000000000
50.0;-0.4;1.0000000000;0.0000000000
52.0;-0.4;1.0000000000;0.0000000000
54.0;-0.4;1.0000000000;0.0000000000
-10.0;-0.3;0.0000000000;0.0000000000
-8.0;-0.3;0.0000000000;0.0000000000
-6.0;-0.3;0.0000000000;0.0000000000
-4.0;-0.3;0.0000000000;0.0000000000
-2.0;-0.3;0.0000000000;0.0000000000
0.0;-0.3;0.0000000000;0.0000000000
2.0;-0.3;0.0000000000;0.0000000000
4.0;-0.3;0.0000000000;0.0000000000
6.0;-0.3;0.0000418147;0.0000000000
8.0;-0.3;0.0343908465;0.0000000000
10.0;-0.3;0.3083958600;0.0000000000
12.0;-0.3;0.6927739081;0.0000000000
14.0;-0.3;0.9218060511;0.0000000000
16.0;-0.3;0.9910000000;0.0000000000
18.0;-0.3;1.0000000000;0.0000000000
20.0;-0.3;1.0000000000;0.0000000000
22.0;-0.3;1.0000000000;0.0000000000
24.0;-0.3;1.0000000000;0.0000000000
26.0;-0.3;1.0000000000;0.0000000000
28.0;-0.3;1.0000000000;0.0000000000
30.0;-0.3;1.0000000000;0.0000000000
32.0;-0.3;1.0000000000;0.0000000000
34.0;-0.3;1.0000000000;0.0000000000
36.0;-0.3;1.0000000000;0.0000000000
38.0;-0.3;1.0000000000;0.0000000000
40.0;-0.3;1.0000000000;0.0000000000
42.0;-0.3;1.0000000000;0.0000000000
44.0;-0.3;1.0000000000;0.0000000000
46.0;-0.3;1.0000000000;0.0000000000
48.0;-0.3;1.0000000000;0.0000000000
50.0;-0.3;1.0000000000;0.0000000000
52.0;-0.3;1.0000000000;0.0000000000
54.0;-0.3;1.0000000000;0.0000000000
-10.0;-0.3;0.0000000000;0.0000000000
-8.0;-0.3;0.0000000000;0.0000000000
-6.0;-0.3;0.0000000000;0.0000000000
-4.0;-0.3;0.0000000000;0.0000000000
-2.0;-0.3;0.0000000000;0.0000000000
0.0;-0.3;0.0000010000;0.0000000000
2.0;-0.3;0.0000000000;0.0000000000
4.0;-0.3;0.0000000629;0.0000000000
6.0;-0.3;0.0048471536;0.0000000000
8.0;-0.3;0.1876650730;0.0000000000
10.0;-0.3;0.5667821836;0.0000000000
12.0;-0.3;0.8676487088;0.0000000000
14.0;-0.3;0.9742194000;0.0000000000
16.0;-0.3;0.9990000000;0.0000000000
18.0;-0.3;1.0000000000;0.0000000000
20.0;-0.3;1.0000000000;0.0000000000
22.0;-0.3;1.0000000000;0.0000000000
24.0;-0.3;1.0000000000;0.0000000000
26.0;-0.3;1.0000000000;0.0000000000
28.0;-0.3;1.0000000000;0.0000000000
30.0;-0.3;1.0000000000;0.0000000000
32.0;-0.3;1.0000000000;0.0000000000
34.0;-0.3;1.0000000000;0.0000000000
36.0;-0.3;1.0000000000;0.0000000000
38.0;-0.3;1.0000000000;0.0000000000
40.0;-0.3;1.0000000000;0.0000000000
42.0;-0.3;1.0000000000;0.0000000000
44.0;-0.3;1.0000000000;0.0000000000
46.0;-0.3;1.0000000000;0.0000000000
48.0;-0.3;1.0000000000;0.0000000000
50.0;-0.3;1.0000000000;0.0000000000
52.0;-0.3;1.0000000000;0.0000000000
54.0;-0.3;1.0000000000;0.0000000000
-10.0;-0.2;0.0000000000;0.0000000000
-8.0;-0.2;0.0000000000;0.0000000000
-6.0;-0.2;0.0000000000;0.0000000000
-4.0;-0.2;0.0000000000;0.0000000000
-2.0;-0.2;0.0000000000;0.0000000000
0.0;-0.2;0.0000000000;0.0000000000
2.0;-0.2;0.0000000000;0.0000000000
4.0;-0.2;0.0002963051;0.0000000000
6.0;-0.2;0.0788743992;0.0000000000
8.0;-0.2;0.4243963243;0.0000000000
10.0;-0.2;0.7797723991;0.0000000000
12.0;-0.2;0.9567381012;0.0000000000
14.0;-0.2;0.9950000000;0.0000000000
16.0;-0.2;1.0000000000;0.0000000000
18.0;-0.2;1.0000000000;0.0000000000
20.0;-0.2;1.0000000000;0.0000000000
22.0;-0.2;1.0000000000;0.0000000000
24.0;-0.2;1.0000000000;0.0000000000
26.0;-0.2;1.0000000000;0.0000000000
28.0;-0.2;1.0000000000;0.0000000000
30.0;-0.2;1.0000000000;0.0000000000
32.0;-0.2;1.0000000000;0.0000000000
34.0;-0.2;1.0000000000;0.0000000000
36.0;-0.2;1.0000000000;0.0000000000
38.0;-0.2;1.0000000000;0.0000000000
40.0;-0.2;1.0000000000;0.0000000000
42.0;-0.2;1.0000000000;0.0000000000
44.0;-0.2;1.0000000000;0.0000000000
46.0;-0.2;1.0000000000;0.0000000000
48.0;-0.2;1.0000000000;0.0000000000
50.0;-0.2;1.0000000000;0.0000000000
52.0;-0.2;1.0000000000;0.0000000000
54.0;-0.2;1.0000000000;0.0000000000
-10.0;-0.2;0.0000000000;0.0000000000
-8.0;-0.2;0.0000000000;0.0000000000
-6.0;-0.2;0.0000000000;0.0000000000
-4.0;-0.2;0.0000000000;0.0000000000
-2.0;-0.2;0.0000000000;0.0000000000
0.0;-0.2;0.0000000000;0.0000000000
2.0;-0.2;0.0000132551;0.0000000000
4.0;-0.2;0.0261376532;0.0000000000
6.0;-0.2;0.3145881646;0.0000000000
8.0;-0.2;0.7024666952;0.0000000000
10.0;-0.2;0.9216777748;0.0000000000
12.0;-0.2;0.9900000000;0.0000000000
14.0;-0.2;1.0000000000;0.0000000000
16.0;-0.2;1.0000000000;0.0000000000
18.0;-0.2;1.0000000000;0.0000000000
20.0;-0.2;1.0000000000;0.0000000000
22.0;-0.2;1.0000000000;0.0000000000
24.0;-0.2;1.0000000000;0.0000000000
26.0;-0.2;1.0000000000;0.0000000000
28.0;-0.2;1.0000000000;0.0000000000
30.0;-0.2;1.0000000000;0.0000000000
32.0;-0.2;1.0000000000;0.0000000000
34.0;-0.2;1.0000000000;0.0000000000
36.0;-0.2;1.0000000000;0.0000000000
38.0;-0.2;1.0000000000;0.0000000000
40.0;-0.2;1.0000000000;0.0000000000
42.0;-0.2;1.0000000000;0.0000000000
44.0;-0.2;1.0000000000;0.0000000000
46.0;-0.2;1.0000000000;0.0000000000
48.0;-0.2;1.0000000000;0.0000000000
50.0;-0.2;1.0000000000;0.0000000000
52.0;-0.2;1.0000000000;0.0000000000
54.0;-0.2;1.0000000000;0.0000000000
-10.0;-0.1;0.0000000000;0.0000000000
-8.0;-0.1;0.0000000000;0.0000000000
-6.0;-0.1;0.0000000000;0.0000000000
-4.0;-0.1;0.0000000000;0.0000000000
-2.0;-0.1;0.0000000000;0.0000000000
0.0;-0.1;0.0000003702;0.0000000000
2.0;-0.1;0.0068211176;0.0000000000
4.0;-0.1;0.2001059790;0.0000000000
6.0;-0.1;0.6017880611;0.0000000000
8.0;-0.1;0.8857390282;0.0000000000
10.0;-0.1;0.9801000000;0.0000000000
12.0;-0.1;0.9990000000;0.0000000000
14.0;-0.1;1.0000000000;0.0000000000
16.0;-0.1;1.0000000000;0.0000000000
18.0;-0.1;1.0000000000;0.0000000000
20.0;-0.1;1.0000000000;0.0000000000
22.0;-0.1;1.0000000000;0.0000000000
24.0;-0.1;1.0000000000;0.0000000000
26.0;-0.1;1.0000000000;0.0000000000
28.0;-0.1;1.0000000000;0.0000000000
30.0;-0.1;1.0000000000;0.0000000000
32.0;-0.1;1.0000000000;0.0000000000
34.0;-0.1;1.0000000000;0.0000000000
36.0;-0.1;1.0000000000;0.0000000000
38.0;-0.1;1.0000000000;0.0000000000
40.0;-0.1;1.0000000000;0.0000000000
42.0;-0.1;1.0000000000;0.0000000000
44.0;-0.1;1.0000000000;0.0000000000
46.0;-0.1;1.0000000000;0.0000000000
48.0;-0.1;1.0000000000;0.0000000000
50.0;-0.1;1.0000000000;0.0000000000
52.0;-0.1;1.0000000000;0.0000000000
54.0;-0.1;1.0000000000;0.0000000000
-10.0;-0.1;0.0000000000;0.0000000000
-8.0;-0.1;0.0000000000;0.0000000000
-6.0;-0.1;0.0000000000;0.0000000000
-4.0;-0.1;0.0000000000;0.0000000000
-2.0;-0.1;0.0000000033;0.0000000000
0.0;-0.1;0.0015291027;0.0000000000
2.0;-0.1;0.1157850547;0.0000000000
4.0;-0.1;0.4964450127;0.0000000000
6.0;-0.1;0.8324022884;0.0000000000
8.0;-0.1;0.9692773200;0.0000000000
10.0;-0.1;0.9970000000;0.0000000000
12.0;-0.1;1.0000000000;0.0000000000
14.0;-0.1;1.0000000000;0.0000000000
16.0;-0.1;1.0000000000;0.0000000000
18.0;-0.1;1.0000000000;0.0000000000
20.0;-0.1;1.0000000000;0.0000000000
22.0;-0.1;1.0000000000;0.0000000000
24.0;-0.1;1.0000000000;0.0000000000
26.0;-0.1;1.0000000000;0.0000000000
28.0;-0.1;1.0000000000;0.0000000000
30.0;-0.1;1.0000000000;0.0000000000
32.0;-0.1;1.0000000000;0.0000000000
34.0;-0.1;1.0000000000;0.0000000000
36.0;-0.1;1.0000000000;0.0000000000
38.0;-0.1;1.0000000000;0.0000000000
40.0;-0.1;1.0000000000;0.0000000000
42.0;-0.1;1.0000000000;0.0000000000
44.0;-0.1;1.0000000000;0.0000000000
46.0;-0.1;1.0000000000;0.0000000000
48.0;-0.1;1.0000000000;0.0000000000
50.0;-0.1;1.0000000000;0.0000000000
52.0;-0.1;1.0000000000;0.0000000000
54.0;-0.1;1.0000000000;0.0000000000
-10.0;-0.0;0.0000000000;0.0000000000
-8.0;-0.0;0.0000000000;0.0000000000
-6.0;-0.0;0.0000000000;0.0000000000
-4.0;-0.0;0.0000000000;0.0000000000
-2.0;-0.0;0.0002199135;0.0000000000
0.0;-0.0;0.0621547033;0.0000000000
2.0;-0.0;0.3912638761;0.0000000000
4.0;-0.0;0.7639448969;0.0000000000
6.0;-0.0;0.9518417568;0.0000000000
8.0;-0.0;0.9930000000;0.0000000000
10.0;-0.0;1.0000000000;0.0000000000
12.0;-0.0;1.0000000000;0.0000000000
14.0;-0.0;1.0000000000;0.0000000000
16.0;-0.0;1.0000000000;0.0000000000
18.0;-0.0;1.0000000000;0.0000000000
20.0;-0.0;1.0000000000;0.0000000000
22.0;-0.0;1.0000000000;0.0000000000
24.0;-0.0;1.0000000000;0.0000000000
26.0;-0.0;1.0000000000;0.0000000000
28.0;-0.0;1.0000000000;0.0000000000
30.0;-0.0;1.0000000000;0.0000000000
32.0;-0.0;1.0000000000;0.0000000000
34.0;-0.0;1.0000000000;0.0000000000
36.0;-0.0;1.0000000000;0.0000000000
38.0;-0.0;1.0000000000;0.0000000000
40.0;-0.0;1.0000000000;0.0000000000
42.0;-0.0;1.0000000000;0.0000000000
44.0;-0.0;1.0000000000;0.0000000000
46.0;-0.0;1.0000000000;0.0000000000
48.0;-0.0;1.0000000000;0.0000000000
50.0;-0.0;1.0000000000;0.0000000000
52.0;-0.0;1.0000000000;0.0000000000
54.0;-0.0;1.0000000000;0.0000000000
-10.0;0.0;0.0000000000;0.0000000000
-8.0;0.0;0.0000000000;0.0000000000
-6.0;0.0;0.0000000000;0.0000000000
-4.0;0.0;0.0000279803;0.0000000000
-2.0;0.0;0.0225964559;0.0000000000
0.0;0.0;0.2740776423;0.0000000000
2.0;0.0;0.6668965652;0.0000000000
4.0;0.0;0.9243613854;0.0000000000
6.0;0.0;0.9900000000;0.0000000000
8.0;0.0;1.0000000000;0.0000000000
10.0;0.0;1.0000000000;0.0000000000
12.0;0.0;1.0000000000;0.0000000000
14.0;0.0;1.0000000000;0.0000000000
16.0;0.0;1.0000000000;0.0000000000
18.0;0.0;1.0000000000;0.0000000000
20.0;0.0;1.0000000000;0.0000000000
22.0;0.0;1.0000000000;0.0000000000
24.0;0.0;1.0000000000;0.0000000000
26.0;0.0;1.0000000000;0.0000000000
28.0;0.0;1.0000000000;0.0000000000
30.0;0.0;1.0000000000;0.0000000000
32.0;0.0;1.0000000000;0.0000000000
34.0;0.0;1.0000000000;0.0000000000
36.0;0.0;1.0000000000;0.0000000000
38.0;0.0;1.0000000000;0.0000000000
40.0;0.0;1.0000000000;0.0000000000
42.0;0.0;1.0000000000;0.0000000000
44.0;0.0;1.0000000000;0.0000000000
46.0;0.0;1.0000000000;0.0000000000
48.0;0.0;1.0000000000;0.0000000000
50.0;0.0;1.0000000000;0.0000000000
52.0;0.0;1.0000000000;0.0000000000
54.0;0.0;1.0000000000;0.0000000000
-10.0;0.1;0.0000000000;0.0000000000
-8.0;0.1;0.0000000000;0.0000000000
-6.0;0.1;0.0000018750;0.0000000000
-4.0;0.1;0.0062330418;0.0000000000
-2.0;0.1;0.1436322800;0.0000000000
0.0;0.1;0.5395348206;0.0000000000
2.0;0.1;0.8544715290;0.0000000000
4.0;0.1;0.9820720000;0.0000000000
6.0;0.1;0.9990000000;0.0000000000
8.0;0.1;1.0000000000;0.0000000000
10.0;0.1;1.0000000000;0.0000000000
12.0;0.1;1.0000000000;0.0000000000
14.0;0.1;1.0000000000;0.0000000000
16.0;0.1;1.0000000000;0.0000000000
18.0;0.1;1.0000000000;0.0000000000
20.0;0.1;1.0000000000;0.0000000000
22.0;0.1;1.0000000000;0.0000000000
24.0;0.1;1.0000000000;0.0000000000
26.0;0.1;1.0000000000;0.0000000000
28.0;0.1;1.0000000000;0.0000000000
30.0;0.1;1.0000000000;0.0000000000
32.0;0.1;1.0000000000;0.0000000000
34.0;0.1;1.0000000000;0.0000000000
36.0;0.1;1.0000000000;0.0000000000
38.0;0.1;1.0000000000;0.0000000000
40.0;0.1;1.0000000000;0.0000000000
42.0;0.1;1.0000000000;0.0000000000
44.0;0.1;1.0000000000;0.0000000000
46.0;0.1;1.0000000000;0.0000000000
48.0;0.1;1.0000000000;0.0000000000
50.0;0.1;1.0000000000;0.0000000000
52.0;0.1;1.0000000000;0.0000000000
54.0;0.1;1.0000000000;0.0000000000
-10.0;0.1;0.0000000000;0.0000000000
-8.0;0.1;0.0000000301;0.0000000000
-6.0;0.1;0.0010326522;0.0000000000
-4.0;0.1;0.0672841540;0.0000000000
-2.0;0.1;0.3483728285;0.0000000000
0.0;0.1;0.7271352038;0.0000000000
2.0;0.1;0.9433590752;0.0000000000
4.0;0.1;0.9970000000;0.0000000000
6.0;0.1;1.0000000000;0.0000000000
8.0;0.1;1.0000000000;0.0000000000
10.0;0.1;1.0000000000;0.0000000000
12.0;0.1;1.0000000000;0.0000000000
14.0;0.1;1.0000000000;0.0000000000
16.0;0.1;1.0000000000;0.0000000000
18.0;0.1;1.0000000000;0.0000000000
20.0;0.1;1.0000000000;0.0000000000
22.0;0.1;1.0000000000;0.0000000000
24.0;0.1;1.0000000000;0.0000000000
26.0;0.1;1.0000000000;0.0000000000
28.0;0.1;1.0000000000;0.0000000000
30.0;0.1;1.0000000000;0.0000000000
32.0;0.1;1.0000000000;0.0000000000
34.0;0.1;1.0000000000;0.0000000000
36.0;0.1;1.0000000000;0.0000000000
38.0;0.1;1.0000000000;0.0000000000
40.0;0.1;1.0000000000;0.0000000000
42.0;0.1;1.0000000000;0.0000000000
44.0;0.1;1.0000000000;0.0000000000
46.0;0.1;1.0000000000;0.0000000000
48.0;0.1;1.0000000000;0.0000000000
50.0;0.1;1.0000000000;0.0000000000
52.0;0.1;1.0000000000;0.0000000000
54.0;0.1;1.0000000000;0.0000000000
-10.0;0.2;0.0000000000;0.0000000000
-8.0;0.2;0.0000397787;0.0000000000
-6.0;0.2;0.0164009969;0.0000000000
-4.0;0.2;0.1625127345;0.0000000000
-2.0;0.2;0.5134633278;0.0000000000
0.0;0.2;0.8453986392;0.0000000000
2.0;0.2;0.9771597000;0.0000000000
4.0;0.2;0.9990000000;0.0000000000
6.0;0.2;1.0000000000;0.0000000000
8.0;0.2;1.0000000000;0.0000000000
10.0;0.2;1.0000000000;0.0000000000
12.0;0.2;1.0000000000;0.0000000000
14.0;0.2;1.0000000000;0.0000000000
16.0;0.2;1.0000000000;0.0000000000
18.0;0.2;1.0000000000;0.0000000000
20.0;0.2;1.0000000000;0.0000000000
22.0;0.2;1.0000000000;0.0000000000
24.0;0.2;1.0000000000;0.0000000000
26.0;0.2;1.0000000000;0.0000000000
28.0;0.2;1.0000000000;0.0000000000
30.0;0.2;1.0000000000;0.0000000000
32.0;0.2;1.0000000000;0.0000000000
34.0;0.2;1.0000000000;0.0000000000
36.0;0.2;1.0000000000;0.0000000000
38.0;0.2;1.0000000000;0.0000000000
40.0;0.2;1.0000000000;0.0000000000
42.0;0.2;1.0000000000;0.0000000000
44.0;0.2;1.0000000000;0.0000000000
46.0;0.2;1.0000000000;0.0000000000
48.0;0.2;1.0000000000;0.0000000000
50.0;0.2;1.0000000000;0.0000000000
52.0;0.2;1.0000000000;0.0000000000
54.0;0.2;1.0000000000;0.0000000000
-10.0;0.2;0.0000011252;0.0000000000
-8.0;0.2;0.0015224157;0.0000000000
-6.0;0.2;0.0497137870;0.0000000000
-4.0;0.2;0.2846706877;0.0000000000
-2.0;0.2;0.6436276028;0.0000000000
0.0;0.2;0.9016442906;0.0000000000
2.0;0.2;0.9890100000;0.0000000000
4.0;0.2;1.0000000000;0.0000000000
6.0;0.2;1.0000000000;0.0000000000
8.0;0.2;1.0000000000;0.0000000000
10.0;0.2;1.0000000000;0.0000000000
12.0;0.2;1.0000000000;0.0000000000
14.0;0.2;1.0000000000;0.0000000000
16.0;0.2;1.0000000000;0.0000000000
18.0;0.2;1.0000000000;0.0000000000
20.0;0.2;1.0000000000;0.0000000000
22.0;0.2;1.0000000000;0.0000000000
24.0;0.2;1.0000000000;0.0000000000
26.0;0.2;1.0000000000;0.0000000000
28.0;0.2;1.0000000000;0.0000000000
30.0;0.2;1.0000000000;0.0000000000
32.0;0.2;1.0000000000;0.0000000000
34.0;0.2;1.0000000000;0.0000000000
36.0;0.2;1.0000000000;0.0000000000
38.0;0.2;1.0000000000;0.0000000000
40.0;0.2;1.0000000000;0.0000000000
42.0;0.2;1.0000000000;0.0000000000
44.0;0.2;1.0000000000;0.0000000000
46.0;0.2;1.0000000000;0.0000000000
48.0;0.2;1.0000000000;0.0000000000
50.0;0.2;1.0000000000;0.0000000000
52.0;0.2;1.0000000000;0.0000000000
54.0;0.2;1.0000000000;0.0000000000
-10.0;0.3;0.0001952524;0.0000000000
-8.0;0.3;0.0120836081;0.0000000000
-6.0;0.3;0.0962846306;0.0000000000
-4.0;0.3;0.3689279923;0.0000000000
-2.0;0.3;0.7314648342;0.0000000000
0.0;0.3;0.9274050212;0.0000000000
2.0;0.3;0.9930000000;0.0000000000
4.0;0.3;1.0000000000;0.0000000000
6.0;0.3;1.0000000000;0.0000000000
8.0;0.3;1.0000000000;0.0000000000
10.0;0.3;1.0000000000;0.0000000000
12.0;0.3;1.0000000000;0.0000000000
14.0;0.3;1.0000000000;0.0000000000
16.0;0.3;1.0000000000;0.0000000000
18.0;0.3;1.0000000000;0.0000000000
20.0;0.3;1.0000000000;0.0000000000
22.0;0.3;1.0000000000;0.0000000000
24.0;0.3;1.0000000000;0.0000000000
26.0;0.3;1.0000000000;0.0000000000
28.0;0.3;1.0000000000;0.0000000000
30.0;0.3;1.0000000000;0.0000000000
32.0;0.3;1.0000000000;0.0000000000
34.0;0.3;1.0000000000;0.0000000000
36.0;0.3;1.0000000000;0.0000000000
38.0;0.3;1.0000000000;0.0000000000
40.0;0.3;1.0000000000;0.0000000000
42.0;0.3;1.0000000000;0.0000000000
44.0;0.3;1.0000000000;0.0000000000
46.0;0.3;1.0000000000;0.0000000000
48.0;0.3;1.0000000000;0.0000000000
50.0;0.3;1.0000000000;0.0000000000
52.0;0.3;1.0000000000;0.0000000000
54.0;0.3;1.0000000000;0.0000000000
-10.0;0.3;0.0003282293;0.0000000000
-8.0;0.3;0.0217257056;0.0000000000
-6.0;0.3;0.1560668687;0.0000000000
-4.0;0.3;0.4177753785;0.0000000000
-2.0;0.3;0.7730807096;0.0000000000
0.0;0.3;0.9443292772;0.0000000000
2.0;0.3;0.9950000000;0.0000000000
4.0;0.3;1.0000000000;0.0000000000
6.0;0.3;1.0000000000;0.0000000000
8.0;0.3;1.0000000000;0.0000000000
10.0;0.3;1.0000000000;0.0000000000
12.0;0.3;1.0000000000;0.0000000000
14.0;0.3;1.0000000000;0.0000000000
16.0;0.3;1.0000000000;0.0000000000
18.0;0.3;1.0000000000;0.0000000000
20.0;0.3;1.0000000000;0.0000000000
22.0;0.3;1.0000000000;0.0000000000
24.0;0.3;1.0000000000;0.0000000000
26.0;0.3;1.0000000000;0.0000000000
28.0;0.3;1.0000000000;0.0000000000
30.0;0.3;1.0000000000;0.0000000000
32.0;0.3;1.0000000000;0.0000000000
34.0;0.3;1.0000000000;0.0000000000
36.0;0.3;1.0000000000;0.0000000000
38.0;0.3;1.0000000000;0.0000000000
40.0;0.3;1.0000000000;0.0000000000
42.0;0.3;1.0000000000;0.0000000000
44.0;0.3;1.0000000000;0.0000000000
46.0;0.3;1.0000000000;0.0000000000
48.0;0.3;1.0000000000;0.0000000000
50.0;0.3;1.0000000000;0.0000000000
52.0;0.3;1.0000000000;0.0000000000
54.0;0.3;1.0000000000;0.0000000000
-10.0;0.4;0.0022898474;0.0000000000
-8.0;0.4;0.0405181618;0.0000000000
-6.0;0.4;0.1777398581;0.0000000000
-4.0;0.4;0.4620066858;0.0000000000
-2.0;0.4;0.8015809660;0.0000000000
0.0;0.4;0.9605960100;0.0000000000
2.0;0.4;0.9980000000;0.0000000000
4.0;0.4;1.0000000000;0.0000000000
6.0;0.4;1.0000000000;0.0000000000
8.0;0.4;1.0000000000;0.0000000000
10.0;0.4;1.0000000000;0.0000000000
12.0;0.4;1.0000000000;0.0000000000
14.0;0.4;1.0000000000;0.0000000000
16.0;0.4;1.0000000000;0.0000000000
18.0;0.4;1.0000000000;0.0000000000
20.0;0.4;1.0000000000;0.0000000000
22.0;0.4;1.0000000000;0.0000000000
24.0;0.4;1.0000000000;0.0000000000
26.0;0.4;1.0000000000;0.0000000000
28.0;0.4;1.0000000000;0.0000000000
30.0;0.4;1.0000000000;0.0000000000
32.0;0.4;1.0000000000;0.0000000000
34.0;0.4;1.0000000000;0.0000000000
36.0;0.4;1.0000000000;0.0000000000
38.0;0.4;1.0000000000;0.0000000000
40.0;0.4;1.0000000000;0.0000000000
42.0;0.4;1.0000000000;0.0000000000
44.0;0.4;1.0000000000;0.0000000000
46.0;0.4;1.0000000000;0.0000000000
48.0;0.4;1.0000000000;0.0000000000
50.0;0.4;1.0000000000;0.0000000000
52.0;0.4;1.0000000000;0.0000000000
54.0;0.4;1.0000000000;0.0000000000
-10.0;0.4;0.0056443984;0.0000000000
-8.0;0.4;0.0549507983;0.0000000000
-6.0;0.4;0.2200446320;0.0000000000
-4.0;0.4;0.5158448032;0.0000000000
-2.0;0.4;0.8154043964;0.0000000000
0.0;0.4;0.9644772060;0.0000000000
2.0;0.4;0.9980000000;0.0000000000
4.0;0.4;1.0000000000;0.0000000000
6.0;0.4;1.0000000000;0.0000000000
8.0;0.4;1.0000000000;0.0000000000
10.0;0.4;1.0000000000;0.0000000000
12.0;0.4;1.0000000000;0.0000000000
14.0;0.4;1.0000000000;0.0000000000
16.0;0.4;1.0000000000;0.0000000000
18.0;0.4;1.0000000000;0.0000000000
20.0;0.4;1.0000000000;0.0000000000
22.0;0.4;1.0000000000;0.0000000000
24.0;0.4;1.0000000000;0.0000000000
26.0;0.4;1.0000000000;0.0000000000
28.0;0.4;1.0000000000;0.0000000000
30.0;0.4;1.0000000000;0.0000000000
32.0;0.4;1.0000000000;0.0000000000
34.0;0.4;1.0000000000;0.0000000000
36.0;0.4;1.0000000000;0.0000000000
38.0;0.4;1.0000000000;0.0000000000
40.0;0.4;1.0000000000;0.0000000000
42.0;0.4;1.0000000000;0.0000000000
44.0;0.4;1.0000000000;0.0000000000
46.0;0.4;1.0000000000;0.0000000000
48.0;0.4;1.0000000000;0.0000000000
50.0;0.4;1.0000000000;0.0000000000
52.0;0.4;1.0000000000;0.0000000000
54.0;0.4;1.0000000000;0.0000000000
-10.0;0.5;0.0069846153;0.0000000000
-8.0;0.5;0.0712134698;0.0000000000
-6.0;0.5;0.2136586682;0.0000000000
-4.0;0.5;0.5299684507;0.0000000000
-2.0;0.5;0.8269553167;0.0000000000
0.0;0.5;0.9702990000;0.0000000000
2.0;0.5;0.9980000000;0.0000000000
4.0;0.5;1.0000000000;0.0000000000
6.0;0.5;1.0000000000;0.0000000000
8.0;0.5;1.0000000000;0.0000000000
10.0;0.5;1.0000000000;0.0000000000
12.0;0.5;1.0000000000;0.0000000000
14.0;0.5;1.0000000000;0.0000000000
16.0;0.5;1.0000000000;0.0000000000
18.0;0.5;1.0000000000;0.0000000000
20.0;0.5;1.0000000000;0.0000000000
22.0;0.5;1.0000000000;0.0000000000
24.0;0.5;1.0000000000;0.0000000000
26.0;0.5;1.0000000000;0.0000000000
28.0;0.5;1.0000000000;0.0000000000
30.0;0.5;1.0000000000;0.0000000000
32.0;0.5;1.0000000000;0.0000000000
34.0;0.5;1.0000000000;0.0000000000
36.0;0.5;1.0000000000;0.0000000000
38.0;0.5;1.0000000000;0.0000000000
40.0;0.5;1.0000000000;0.0000000000
42.0;0.5;1.0000000000;0.0000000000
44.0;0.5;1.0000000000;0.0000000000
46.0;0.5;1.0000000000;0.0000000000
48.0;0.5;1.0000000000;0.0000000000
50.0;0.5;1.0000000000;0.0000000000
52.0;0.5;1.0000000000;0.0000000000
54.0;0.5;1.0000000000;0.0000000000
-10.0;0.5;0.0083721613;0.0000000000
-8.0;0.5;0.0709436992;0.0000000000
-6.0;0.5;0.2360618984;0.0000000000
-4.0;0.5;0.5506906170;0.0000000000
-2.0;0.5;0.8395408043;0.0000000000
0.0;0.5;0.9732393000;0.0000000000
2.0;0.5;0.9980000000;0.0000000000
4.0;0.5;1.0000000000;0.0000000000
6.0;0.5;1.0000000000;0.0000000000
8.0;0.5;1.0000000000;0.0000000000
10.0;0.5;1.0000000000;0.0000000000
12.0;0.5;1.0000000000;0.0000000000
14.0;0.5;1.0000000000;0.0000000000
16.0;0.5;1.0000000000;0.0000000000
18.0;0.5;1.0000000000;0.0000000000
20.0;0.5;1.0000000000;0.0000000000
22.0;0.5;1.0000000000;0.0000000000
24.0;0.5;1.0000000000;0.0000000000
26.0;0.5;1.0000000000;0.0000000000
28.0;0.5;1.0000000000;0.0000000000
30.0;0.5;1.0000000000;0.0000000000
32.0;0.5;1.0000000000;0.0000000000
34.0;0.5;1.0000000000;0.0000000000
36.0;0.5;1.0000000000;0.0000000000
38.0;0.5;1.0000000000;0.0000000000
40.0;0.5;1.0000000000;0.0000000000
42.0;0.5;1.0000000000;0.0000000000
44.0;0.5;1.0000000000;0.0000000000
46.0;0.5;1.0000000000;0.0000000000
48.0;0.5;1.0000000000;0.0000000000
50.0;0.5;1.0000000000;0.0000000000
52.0;0.5;1.0000000000;0.0000000000
54.0;0.5;1.0000000000;0.0000000000
-10.0;0.6;0.0139005927;0.0000000000
-8.0;0.6;0.0685708325;0.0000000000
-6.0;0.6;0.2527547034;0.0000000000
-4.0;0.6;0.5745301446;0.0000000000
-2.0;0.6;0.8497385231;0.0000000000
0.0;0.6;0.9751995000;0.0000000000
2.0;0.6;0.9980000000;0.0000000000
4.0;0.6;1.0000000000;0.0000000000
6.0;0.6;1.0000000000;0.0000000000
8.0;0.6;1.0000000000;0.0000000000
10.0;0.6;1.0000000000;0.0000000000
12.0;0.6;1.0000000000;0.0000000000
14.0;0.6;1.0000000000;0.0000000000
16.0;0.6;1.0000000000;0.0000000000
18.0;0.6;1.0000000000;0.0000000000
20.0;0.6;1.0000000000;0.0000000000
22.0;0.6;1.0000000000;0.0000000000
24.0;0.6;1.0000000000;0.0000000000
26.0;0.6;1.0000000000;0.0000000000
28.0;0.6;1.0000000000;0.0000000000
30.0;0.6;1.0000000000;0.0000000000
32.0;0.6;1.0000000000;0.0000000000
34.0;0.6;1.0000000000;0.0000000000
36.0;0.6;1.0000000000;0.0000000000
38.0;0.6;1.0000000000;0.0000000000
40.0;0.6;1.0000000000;0.0000000000
42.0;0.6;1.0000000000;0.0000000000
44.0;0.6;1.0000000000;0.0000000000
46.0;0.6;1.0000000000;0.0000000000
48.0;0.6;1.0000000000;0.0000000000
50.0;0.6;1.0000000000;0.0000000000
52.0;0.6;1.0000000000;0.0000000000
54.0;0.6;1.0000000000;0.0000000000
-10.0;0.6;0.0150660968;0.0000000000
-8.0;0.6;0.0832947857;0.0000000000
-6.0;0.6;0.2637281201;0.0000000000
-4.0;0.6;0.5957306278;0.0000000000
-2.0;0.6;0.8574547489;0.0000000000
0.0;0.6;0.9761796000;0.0000000000
2.0;0.6;0.9980000000;0.0000000000
4.0;0.6;1.0000000000;0.0000000000
6.0;0.6;1.0000000000;0.0000000000
8.0;0.6;1.0000000000;0.0000000000
10.0;0.6;1.0000000000;0.0000000000
12.0;0.6;1.0000000000;0.0000000000
14.0;0.6;1.0000000000;0.0000000000
16.0;0.6;1.0000000000;0.0000000000
18.0;0.6;1.0000000000;0.0000000000
20.0;0.6;1.0000000000;0.0000000000
22.0;0.6;1.0000000000;0.0000000000
24.0;0.6;1.0000000000;0.0000000000
26.0;0.6;1.0000000000;0.0000000000
28.0;0.6;1.0000000000;0.0000000000
30.0;0.6;1.0000000000;0.0000000000
32.0;0.6;1.0000000000;0.0000000000
34.0;0.6;1.0000000000;0.0000000000
36.0;0.6;1.0000000000;0.0000000000
38.0;0.6;1.0000000000;0.0000000000
40.0;0.6;1.0000000000;0.0000000000
42.0;0.6;1.0000000000;0.0000000000
44.0;0.6;1.0000000000;0.0000000000
46.0;0.6;1.0000000000;0.0000000000
48.0;0.6;1.0000000000;0.0000000000
50.0;0.6;1.0000000000;0.0000000000
52.0;0.6;1.0000000000;0.0000000000
54.0;0.6;1.0000000000;0.0000000000
-10.0;0.7;0.0181168648;0.0000000000
-8.0;0.7;0.0875356876;0.0000000000
-6.0;0.7;0.2962634935;0.0000000000
-4.0;0.7;0.6103158295;0.0000000000
-2.0;0.7;0.8696189046;0.0000000000
0.0;0.7;0.9801000000;0.0000000000
2.0;0.7;0.9980000000;0.0000000000
4.0;0.7;1.0000000000;0.0000000000
6.0;0.7;1.0000000000;0.0000000000
8.0;0.7;1.0000000000;0.0000000000
10.0;0.7;1.0000000000;0.0000000000
12.0;0.7;1.0000000000;0.0000000000
14.0;0.7;1.0000000000;0.0000000000
16.0;0.7;1.0000000000;0.0000000000
18.0;0.7;1.0000000000;0.0000000000
20.0;0.7;1.0000000000;0.0000000000
22.0;0.7;1.0000000000;0.0000000000
24.0;0.7;1.0000000000;0.0000000000
26.0;0.7;1.0000000000;0.0000000000
28.0;0.7;1.0000000000;0.0000000000
30.0;0.7;1.0000000000;0.0000000000
32.0;0.7;1.0000000000;0.0000000000
34.0;0.7;1.0000000000;0.0000000000
36.0;0.7;1.0000000000;0.0000000000
38.0;0.7;1.0000000000;0.0000000000
40.0;0.7;1.0000000000;0.0000000000
42.0;0.7;1.0000000000;0.0000000000
44.0;0.7;1.0000000000;0.0000000000
46.0;0.7;1.0000000000;0.0000000000
48.0;0.7;1.0000000000;0.0000000000
50.0;0.7;1.0000000000;0.0000000000
52.0;0.7;1.0000000000;0.0000000000
54.0;0.7;1.0000000000;0.0000000000
-10.0;0.7;0.0146729174;0.0000000000
-8.0;0.7;0.1032761171;0.0000000000
-6.0;0.7;0.3012686168;0.0000000000
-4.0;0.7;0.6171170816;0.0000000000
-2.0;0.7;0.8713509561;0.0000000000
0.0;0.7;0.9810900000;0.0000000000
2.0;0.7;0.9980000000;0.0000000000
4.0;0.7;1.0000000000;0.0000000000
6.0;0.7;1.0000000000;0.0000000000
8.0;0.7;1.0000000000;0.0000000000
10.0;0.7;1.0000000000;0.0000000000
12.0;0.7;1.0000000000;0.0000000000
14.0;0.7;1.0000000000;0.0000000000
16.0;0.7;1.0000000000;0.0000000000
18.0;0.7;1.0000000000;0.0000000000
20.0;0.7;1.0000000000;0.0000000000
22.0;0.7;1.0000000000;0.0000000000
24.0;0.7;1.0000000000;0.0000000000
26.0;0.7;1.0000000000;0.0000000000
28.0;0.7;1.0000000000;0.0000000000
30.0;0.7;1.0000000000;0.0000000000
32.0;0.7;1.0000000000;0.0000000000
34.0;0.7;1.0000000000;0.0000000000
36.0;0.7;1.0000000000;0.0000000000
38.0;0.7;1.0000000000;0.0000000000
40.0;0.7;1.0000000000;0.0000000000
42.0;0.7;1.0000000000;0.0000000000
44.0;0.7;1.0000000000;0.0000000000
46.0;0.7;1.0000000000;0.0000000000
48.0;0.7;1.0000000000;0.0000000000
50.0;0.7;1.0000000000;0.0000000000
52.0;0.7;1.0000000000;0.0000000000
54.0;0.7;1.0000000000;0.0000000000
-10.0;0.8;0.0159539784;0.0000000000
-8.0;0.8;0.0954992706;0.0000000000
-6.0;0.8;0.3032345649;0.0000000000
-4.0;0.8;0.6341049725;0.0000000000
-2.0;0.8;0.8748636591;0.0000000000
0.0;0.8;0.9830700000;0.0000000000
2.0;0.8;0.9980000000;0.0000000000
4.0;0.8;1.0000000000;0.0000000000
6.0;0.8;1.0000000000;0.0000000000
8.0;0.8;1.0000000000;0.0000000000
10.0;0.8;1.0000000000;0.0000000000
12.0;0.8;1.0000000000;0.0000000000
14.0;0.8;1.0000000000;0.0000000000
16.0;0.8;1.0000000000;0.0000000000
18.0;0.8;1.0000000000;0.0000000000
20.0;0.8;1.0000000000;0.0000000000
22.0;0.8;1.0000000000;0.0000000000
24.0;0.8;1.0000000000;0.0000000000
26.0;0.8;1.0000000000;0.0000000000
28.0;0.8;1.0000000000;0.0000000000
30.0;0.8;1.0000000000;0.0000000000
32.0;0.8;1.0000000000;0.0000000000
34.0;0.8;1.0000000000;0.0000000000
36.0;0.8;1.0000000000;0.0000000000
38.0;0.8;1.0000000000;0.0000000000
40.0;0.8;1.0000000000;0.0000000000
42.0;0.8;1.0000000000;0.0000000000
44.0;0.8;1.0000000000;0.0000000000
46.0;0.8;1.0000000000;0.0000000000
48.0;0.8;1.0000000000;0.0000000000
50.0;0.8;1.0000000000;0.0000000000
52.0;0.8;1.0000000000;0.0000000000
54.0;0.8;1.0000000000;0.0000000000
-10.0;0.8;0.0167019476;0.0000000000
-8.0;0.8;0.1065610506;0.0000000000
-6.0;0.8;0.3191022303;0.0000000000
-4.0;0.8;0.6373037361;0.0000000000
-2.0;0.8;0.8837006657;0.0000000000
0.0;0.8;0.9830700000;0.0000000000
2.0;0.8;0.9980000000;0.0000000000
4.0;0.8;1.0000000000;0.0000000000
6.0;0.8;1.0000000000;0.0000000000
8.0;0.8;1.0000000000;0.0000000000
10.0;0.8;1.0000000000;0.0000000000
12.0;0.8;1.0000000000;0.0000000000
14.0;0.8;1.0000000000;0.0000000000
16.0;0.8;1.0000000000;0.0000000000
18.0;0.8;1.0000000000;0.0000000000
20.0;0.8;1.0000000000;0.0000000000
22.0;0.8;1.0000000000;0.0000000000
24.0;0.8;1.0000000000;0.0000000000
26.0;0.8;1.0000000000;0.0000000000
28.0;0.8;1.0000000000;0.0000000000
30.0;0.8;1.0000000000;0.0000000000
32.0;0.8;1.0000000000;0.0000000000
34.0;0.8;1.0000000000;0.0000000000
36.0;0.8;1.0000000000;0.0000000000
38.0;0.8;1.0000000000;0.0000000000
40.0;0.8;1.0000000000;0.0000000000
42.0;0.8;1.0000000000;0.0000000000
44.0;0.8;1.0000000000;0.0000000000
46.0;0.8;1.0000000000;0.0000000000
48.0;0.8;1.0000000000;0.0000000000
50.0;0.8;1.0000000000;0.0000000000
52.0;0.8;1.0000000000;0.0000000000
54.0;0.8;1.0000000000;0.0000000000
-10.0;0.9;0.0220508414;0.0000000000
-8.0;0.9;0.1130829269;0.0000000000
-6.0;0.9;0.3312206067;0.0000000000
-4.0;0.9;0.6535694846;0.0000000000
-2.0;0.9;0.8908561367;0.0000000000
0.0;0.9;0.9840600000;0.0000000000
2.0;0.9;0.9990000000;0.0000000000
4.0;0.9;1.0000000000;0.0000000000
6.0;0.9;1.0000000000;0.0000000000
8.0;0.9;1.0000000000;0.0000000000
10.0;0.9;1.0000000000;0.0000000000
12.0;0.9;1.0000000000;0.0000000000
14.0;0.9;1.0000000000;0.0000000000
16.0;0.9;1.0000000000;0.0000000000
18.0;0.9;1.0000000000;0.0000000000
20.0;0.9;1.0000000000;0.0000000000
22.0;0.9;1.0000000000;0.0000000000
24.0;0.9;1.0000000000;0.0000000000
26.0;0.9;1.0000000000;0.0000000000
28.0;0.9;1.0000000000;0.0000000000
30.0;0.9;1.0000000000;0.0000000000
32.0;0.9;1.0000000000;0.0000000000
34.0;0.9;1.0000000000;0.0000000000
36.0;0.9;1.0000000000;0.0000000000
38.0;0.9;1.0000000000;0.0000000000
40.0;0.9;1.0000000000;0.0000000000
42.0;0.9;1.0000000000;0.0000000000
44.0;0.9;1.0000000000;0.0000000000
46.0;0.9;1.0000000000;0.0000000000
48.0;0.9;1.0000000000;0.0000000000
50.0;0.9;1.0000000000;0.0000000000
52.0;0.9;1.0000000000;0.0000000000
54.0;0.9;1.0000000000;0.0000000000
-10.0;0.9;0.0162732939;0.0000000000
-8.0;0.9;0.1101716375;0.0000000000
-6.0;0.9;0.3590796700;0.0000000000
-4.0;0.9;0.6641601475;0.0000000000
-2.0;0.9;0.8962380715;0.0000000000
0.0;0.9;0.9840600000;0.0000000000
2.0;0.9;0.9990000000;0.0000000000
4.0;0.9;1.0000000000;0.0000000000
6.0;0.9;1.0000000000;0.0000000000
8.0;0.9;1.0000000000;0.0000000000
10.0;0.9;1.0000000000;0.0000000000
12.0;0.9;1.0000000000;0.0000000000
14.0;0.9;1.0000000000;0.0000000000
16.0;0.9;1.0000000000;0.0000000000
18.0;0.9;1.0000000000;0.0000000000
20.0;0.9;1.0000000000;0.0000000000
22.0;0.9;1.0000000000;0.0000000000
24.0;0.9;1.0000000000;0.0000000000
26.0;0.9;1.0000000000;0.0000000000
28.0;0.9;1.0000000000;0.0000000000
30.0;0.9;1.0000000000;0.0000000000
32.0;0.9;1.0000000000;0.0000000000
34.0;0.9;1.0000000000;0.0000000000
36.0;0.9;1.0000000000;0.0000000000
38.0;0.9;1.0000000000;0.0000000000
40.0;0.9;1.0000000000;0.0000000000
42.0;0.9;1.0000000000;0.0000000000
44.0;0.9;1.0000000000;0.0000000000
46.0;0.9;1.0000000000;0.0000000000
48.0;0.9;1.0000000000;0.0000000000
50.0;0.9;1.0000000000;0.0000000000
52.0;0.9;1.0000000000;0.0000000000
54.0;0.9;1.0000000000;0.0000000000
-10.0;1.0;0.0003358655;0.0000000000
-8.0;1.0;0.0786180896;0.0000000000
-6.0;1.0;0.3512139123;0.0000000000
-4.0;1.0;0.6863601356;0.0000000000
-2.0;1.0;0.9052909813;0.0000000000
0.0;1.0;0.9850500000;0.0000000000
2.0;1.0;0.9990000000;0.0000000000
4.0;1.0;1.0000000000;0.0000000000
6.0;1.0;1.0000000000;0.0000000000
8.0;1.0;1.0000000000;0.0000000000
10.0;1.0;1.0000000000;0.0000000000
12.0;1.0;1.0000000000;0.0000000000
14.0;1.0;1.0000000000;0.0000000000
16.0;1.0;1.0000000000;0.0000000000
18.0;1.0;1.0000000000;0.0000000000
20.0;1.0;1.0000000000;0.0000000000
22.0;1.0;1.0000000000;0.0000000000
24.0;1.0;1.0000000000;0.0000000000
26.0;1.0;1.0000000000;0.0000000000
28.0;1.0;1.0000000000;0.0000000000
30.0;1.0;1.0000000000;0.0000000000
32.0;1.0;1.0000000000;0.0000000000
34.0;1.0;1.0000000000;0.0000000000
36.0;1.0;1.0000000000;0.0000000000
38.0;1.0;1.0000000000;0.0000000000
40.0;1.0;1.0000000000;0.0000000000
42.0;1.0;1.0000000000;0.0000000000
44.0;1.0;1.0000000000;0.0000000000
46.0;1.0;1.0000000000;0.0000000000
48.0;1.0;1.0000000000;0.0000000000
50.0;1.0;1.0000000000;0.0000000000
52.0;1.0;1.0000000000;0.0000000000
54.0;1.0;1.0000000000;0.0000000000
-10.0;1.0;1.0000000000;0.0000000000
-8.0;1.0;1.0000000000;0.0000000000
-6.0;1.0;1.0000000000;0.0000000000
-4.0;1.0;1.0000000000;0.0000000000
-2.0;1.0;1.0000000000;0.0000000000
0.0;1.0;1.0000000000;0.0000000000
2.0;1.0;1.0000000000;0.0000000000
4.0;1.0;1.0000000000;0.0000000000
6.0;1.0;1.0000000000;0.0000000000
8.0;1.0;1.0000000000;0.0000000000
10.0;1.0;1.0000000000;0.0000000000
12.0;1.0;1.0000000000;0.0000000000
14.0;1.0;1.0000000000;0.0000000000
16.0;1.0;1.0000000000;0.0000000000
18.0;1.0;1.0000000000;0.0000000000
20.0;1.0;1.0000000000;0.0000000000
22.0;1.0;1.0000000000;0.0000000000
24.0;1.0;1.0000000000;0.0000000000
26.0;1.0;1.0000000000;0.0000000000
28.0;1.0;1.0000000000;0.0000000000
30.0;1.0;1.0000000000;0.0000000000
32.0;1.0;1.0000000000;0.0000000000
34.0;1.0;1.0000000000;0.0000000000
36.0;1.0;1.0000000000;0.0000000000
38.0;1.0;1.0000000000;0.0000000000
40.0;1.0;1.0000000000;0.0000000000
42.0;1.0;1.0000000000;0.0000000000
44.0;1.0;1.0000000000;0.0000000000
46.0;1.0;1.0000000000;0.0000000000
48.0;1.0;1.0000000000;0.0000000000
50.0;1.0;1.0000000000;0.0000000000
52.0;1.0;1.0000000000;0.0000000000
54.0;1.0;1.0000000000;0.0000000000
-10.0;1.1;1.0000000000;0.0000000000
-8.0;1.1;1.0000000000;0.0000000000
-6.0;1.1;1.0000000000;0.0000000000
-4.0;1.1;1.0000000000;0.0000000000
-2.0;1.1;1.0000000000;0.0000000000
0.0;1.1;1.0000000000;0.0000000000
2.0;1.1;1.0000000000;0.0000000000
4.0;1.1;1.0000000000;0.0000000000
6.0;1.1;1.0000000000;0.0000000000
8.0;1.1;1.0000000000;0.0000000000
10.0;1.1;1.0000000000;0.0000000000
12.0;1.1;1.0000000000;0.0000000000
14.0;1.1;1.0000000000;0.0000000000
16.0;1.1;1.0000000000;0.0000000000
18.0;1.1;1.0000000000;0.0000000000
20.0;1.1;1.0000000000;0.0000000000
22.0;1.1;1.0000000000;0.0000000000
24.0;1.1;1.0000000000;0.0000000000
26.0;1.1;1.0000000000;0.0000000000
28.0;1.1;1.0000000000;0.0000000000
30.0;1.1;1.0000000000;0.0000000000
32.0;1.1;1.0000000000;0.0000000000
34.0;1.1;1.0000000000;0.0000000000
36.0;1.1;1.0000000000;0.0000000000
38.0;1.1;1.0000000000;0.0000000000
40.0;1.1;1.0000000000;0.0000000000
42.0;1.1;1.0000000000;0.0000000000
44.0;1.1;1.0000000000;0.0000000000
46.0;1.1;1.0000000000;0.0000000000
48.0;1.1;1.0000000000;0.0000000000
50.0;1.1;1.0000000000;0.0000000000
52.0;1.1;1.0000000000;0.0000000000
54.0;1.1;1.0000000000;0.0000000000
-10.0;1.1;1.0000000000;0.0000000000
-8.0;1.1;1.0000000000;0.0000000000
-6.0;1.1;1.0000000000;0.0000000000
-4.0;1.1;1.0000000000;0.0000000000
-2.0;1.1;1.0000000000;0.0000000000
0.0;1.1;1.0000000000;0.0000000000
2.0;1.1;1.0000000000;0.0000000000
4.0;1.1;1.0000000000;0.0000000000
6.0;1.1;1.0000000000;0.0000000000
8.0;1.1;1.0000000000;0.0000000000
10.0;1.1;1.0000000000;0.0000000000
12.0;1.1;1.0000000000;0.0000000000
14.0;1.1;1.0000000000;0.0000000000
16.0;1.1;1.0000000000;0.0000000000
18.0;1.1;1.0000000000;0.0000000000
20.0;1.1;1.0000000000;0.0000000000
22.0;1.1;1.0000000000;0.0000000000
24.0;1.1;1.0000000000;0.0000000000
26.0;1.1;1.0000000000;0.0000000000
28.0;1.1;1.0000000000;0.0000000000
30.0;1.1;1.0000000000;0.0000000000
32.0;1.1;1.0000000000;0.0000000000
34.0;1.1;1.0000000000;0.0000000000
36.0;1.1;1.0000000000;0.0000000000
38.0;1.1;1.0000000000;0.0000000000
40.0;1.1;1.0000000000;0.0000000000
42.0;1.1;1.0000000000;0.0000000000
44.0;1.1;1.0000000000;0.0000000000
46.0;1.1;1.0000000000;0.0000000000
48.0;1.1;1.0000000000;0.0000000000
50.0;1.1;1.0000000000;0.0000000000
52.0;1.1;1.0000000000;0.0000000000
54.0;1.1;1.0000000000;0.0000000000
-10.0;1.2;1.0000000000;0.0000000000
-8.0;1.2;1.0000000000;0.0000000000
-6.0;1.2;1.0000000000;0.0000000000
-4.0;1.2;1.0000000000;0.0000000000
-2.0;1.2;1.0000000000;0.0000000000
0.0;1.2;1.0000000000;0.0000000000
2.0;1.2;1.0000000000;0.0000000000
4.0;1.2;1.0000000000;0.0000000000
6.0;1.2;1.0000000000;0.0000000000
8.0;1.2;1.0000000000;0.0000000000
10.0;1.2;1.0000000000;0.0000000000
12.0;1.2;1.0000000000;0.0000000000
14.0;1.2;1.0000000000;0.0000000000
16.0;1.2;1.0000000000;0.0000000000
18.0;1.2;1.0000000000;0.0000000000
20.0;1.2;1.0000000000;0.0000000000
22.0;1.2;1.0000000000;0.0000000000
24.0;1.2;1.0000000000;0.0000000000
26.0;1.2;1.0000000000;0.0000000000
28.0;1.2;1.0000000000;0.0000000000
30.0;1.2;1.0000000000;0.0000000000
32.0;1.2;1.0000000000;0.0000000000
34.0;1.2;1.0000000000;0.0000000000
36.0;1.2;1.0000000000;0.0000000000
38.0;1.2;1.0000000000;0.0000000000
40.0;1.2;1.0000000000;0.0000000000
42.0;1.2;1.0000000000;0.0000000000
44.0;1.2;1.0000000000;0.0000000000
46.0;1.2;1.0000000000;0.0000000000
48.0;1.2;1.0000000000;0.0000000000
50.0;1.2;1.0000000000;0.0000000000
52.0;1.2;1.0000000000;0.0000000000
54.0;1.2;1.0000000000;0.0000000000
-10.0;1.2;1.0000000000;0.0000000000
-8.0;1.2;1.0000000000;0.0000000000
-6.0;1.2;1.0000000000;0.0000000000
-4.0;1.2;1.0000000000;0.0000000000
-2.0;1.2;1.0000000000;0.0000000000
0.0;1.2;1.0000000000;0.0000000000
2.0;1.2;1.0000000000;0.0000000000
4.0;1.2;1.0000000000;0.0000000000
6.0;1.2;1.0000000000;0.0000000000
8.0;1.2;1.0000000000;0.0000000000
10.0;1.2;1.0000000000;0.0000000000
12.0;1.2;1.0000000000;0.0000000000
14.0;1.2;1.0000000000;0.0000000000
16.0;1.2;1.0000000000;0.0000000000
18.0;1.2;1.0000000000;0.0000000000
20.0;1.2;1.0000000000;0.0000000000
22.0;1.2;1.0000000000;0.0000000000
24.0;1.2;1.0000000000;0.0000000000
26.0;1.2;1.0000000000;0.0000000000
28.0;1.2;1.0000000000;0.0000000000
30.0;1.2;1.0000000000;0.0000000000
32.0;1.2;1.0000000000;0.0000000000
34.0;1.2;1.0000000000;0.0000000000
36.0;1.2;1.0000000000;0.0000000000
38.0;1.2;1.0000000000;0.0000000000
40.0;1.2;1.0000000000;0.0000000000
42.0;1.2;1.0000000000;0.0000000000
44.0;1.2;1.0000000000;0.0000000000
46.0;1.2;1.0000000000;0.0000000000
48.0;1.2;1.0000000000;0.0000000000
50.0;1.2;1.0000000000;0.0000000000
52.0;1.2;1.0000000000;0.0000000000
54.0;1.2;1.0000000000;0.0000000000
-10.0;1.3;1.0000000000;0.0000000000
-8.0;1.3;1.0000000000;0.0000000000
-6.0;1.3;1.0000000000;0.0000000000
-4.0;1.3;1.0000000000;0.0000000000
-2.0;1.3;1.0000000000;0.0000000000
0.0;1.3;1.0000000000;0.0000000000
2.0;1.3;1.0000000000;0.0000000000
4.0;1.3;1.0000000000;0.0000000000
6.0;1.3;1.0000000000;0.0000000000
8.0;1.3;1.0000000000;0.0000000000
10.0;1.3;1.0000000000;0.0000000000
12.0;1.3;1.0000000000;0.0000000000
14.0;1.3;1.0000000000;0.0000000000
16.0;1.3;1.0000000000;0.0000000000
18.0;1.3;1.0000000000;0.0000000000
20.0;1.3;1.0000000000;0.0000000000
22.0;1.3;1.0000000000;0.0000000000
24.0;1.3;1.0000000000;0.0000000000
26.0;1.3;1.0000000000;0.0000000000
28.0;1.3;1.0000000000;0.0000000000
30.0;1.3;1.0000000000;0.0000000000
32.0;1.3;1.0000000000;0.0000000000
34.0;1.3;1.0000000000;0.0000000000
36.0;1.3;1.0000000000;0.0000000000
38.0;1.3;1.0000000000;0.0000000000
40.0;1.3;1.0000000000;0.0000000000
42.0;1.3;1.0000000000;0.0000000000
44.0;1.3;1.0000000000;0.0000000000
46.0;1.3;1.0000000000;0.0000000000
48.0;1.3;1.0000000000;0.0000000000
50.0;1.3;1.0000000000;0.0000000000
52.0;1.3;1.0000000000;0.0000000000
54.0;1.3;1.0000000000;0.0000000000
-10.0;1.3;1.0000000000;0.0000000000
-8.0;1.3;1.0000000000;0.0000000000
-6.0;1.3;1.0000000000;0.0000000000
-4.0;1.3;1.0000000000;0.0000000000
-2.0;1.3;1.0000000000;0.0000000000
0.0;1.3;1.0000000000;0.0000000000
2.0;1.3;1.0000000000;0.0000000000
4.0;1.3;1.0000000000;0.0000000000
6.0;1.3;1.0000000000;0.0000000000
8.0;1.3;1.0000000000;0.0000000000
10.0;1.3;1.0000000000;0.0000000000
12.0;1.3;1.0000000000;0.0000000000
14.0;1.3;1.0000000000;0.0000000000
16.0;1.3;1.0000000000;0.0000000000
18.0;1.3;1.0000000000;0.0000000000
20.0;1.3;1.0000000000;0.0000000000
22.0;1.3;1.0000000000;0.0000000000
24.0;1.3;1.0000000000;0.0000000000
26.0;1.3;1.0000000000;0.0000000000
28.0;1.3;1.0000000000;0.0000000000
30.0;1.3;1.0000000000;0.0000000000
32.0;1.3;1.0000000000;0.0000000000
34.0;1.3;1.0000000000;0.0000000000
36.0;1.3;1.0000000000;0.0000000000
38.0;1.3;1.0000000000;0.0000000000
40.0;1.3;1.0000000000;0.0000000000
42.0;1.3;1.0000000000;0.0000000000
44.0;1.3;1.0000000000;0.0000000000
46.0;1.3;1.0000000000;0.0000000000
48.0;1.3;1.0000000000;0.0000000000
50.0;1.3;1.0000000000;0.0000000000
52.0;1.3;1.0000000000;0.0000000000
54.0;1.3;1.0000000000;0.0000000000
-10.0;1.4;1.0000000000;0.0000000000
-8.0;1.4;1.0000000000;0.0000000000
-6.0;1.4;1.0000000000;0.0000000000
-4.0;1.4;1.0000000000;0.0000000000
-2.0;1.4;1.0000000000;0.0000000000
0.0;1.4;1.0000000000;0.0000000000
2.0;1.4;1.0000000000;0.0000000000
4.0;1.4;1.0000000000;0.0000000000
6.0;1.4;1.0000000000;0.0000000000
8.0;1.4;1.0000000000;0.0000000000
10.0;1.4;1.0000000000;0.0000000000
12.0;1.4;1.0000000000;0.0000000000
14.0;1.4;1.0000000000;0.0000000000
16.0;1.4;1.0000000000;0.0000000000
18.0;1.4;1.0000000000;0.0000000000
20.0;1.4;1.0000000000;0.0000000000
22.0;1.4;1.0000000000;0.0000000000
24.0;1.4;1.0000000000;0.0000000000
26.0;1.4;1.0000000000;0.0000000000
28.0;1.4;1.0000000000;0.0000000000
30.0;1.4;1.0000000000;0.0000000000
32.0;1.4;1.0000000000;0.0000000000
34.0;1.4;1.0000000000;0.0000000000
36.0;1.4;1.0000000000;0.0000000000
38.0;1.4;1.0000000000;0.0000000000
40.0;1.4;1.0000000000;0.0000000000
42.0;1.4;1.0000000000;0.0000000000
44.0;1.4;1.0000000000;0.0000000000
46.0;1.4;1.0000000000;0.0000000000
48.0;1.4;1.0000000000;0.0000000000
50.0;1.4;1.0000000000;0.0000000000
52.0;1.4;1.0000000000;0.0000000000
54.0;1.4;1.0000000000;0.0000000000
-10.0;1.4;1.0000000000;0.0000000000
-8.0;1.4;1.0000000000;0.0000000000
-6.0;1.4;1.0000000000;0.0000000000
-4.0;1.4;1.0000000000;0.0000000000
-2.0;1.4;1.0000000000;0.0000000000
0.0;1.4;1.0000000000;0.0000000000
2.0;1.4;1.0000000000;0.0000000000
4.0;1.4;1.0000000000;0.0000000000
6.0;1.4;1.0000000000;0.0000000000
8.0;1.4;1.0000000000;0.0000000000
10.0;1.4;1.0000000000;0.0000000000
12.0;1.4;1.0000000000;0.0000000000
14.0;1.4;1.0000000000;0.0000000000
16.0;1.4;1.0000000000;0.0000000000
18.0;1.4;1.0000000000;0.0000000000
20.0;1.4;1.0000000000;0.0000000000
22.0;1.4;1.0000000000;0.0000000000
24.0;1.4;1.0000000000;0.0000000000
26.0;1.4;1.0000000000;0.0000000000
28.0;1.4;1.0000000000;0.0000000000
30.0;1.4;1.0000000000;0.0000000000
32.0;1.4;1.0000000000;0.0000000000
34.0;1.4;1.0000000000;0.0000000000
36.0;1.4;1.0000000000;0.0000000000
38.0;1.4;1.0000000000;0.0000000000
40.0;1.4;1.0000000000;0.0000000000
42.0;1.4;1.0000000000;0.0000000000
44.0;1.4;1.0000000000;0.0000000000
46.0;1.4;1.0000000000;0.0000000000
48.0;1.4;1.0000000000;0.0000000000
50.0;1.4;1.0000000000;0.0000000000
52.0;1.4;1.0000000000;0.0000000000
54.0;1.4;1.0000000000;0.0000000000
-10.0;1.5;1.0000000000;0.0000000000
-8.0;1.5;1.0000000000;0.0000000000
-6.0;1.5;1.0000000000;0.0000000000
-4.0;1.5;1.0000000000;0.0000000000
-2.0;1.5;1.0000000000;0.0000000000
0.0;1.5;1.0000000000;0.0000000000
2.0;1.5;1.0000000000;0.0000000000
4.0;1.5;1.0000000000;0.0000000000
6.0;1.5;1.0000000000;0.0000000000
8.0;1.5;1.0000000000;0.0000000000
10.0;1.5;1.0000000000;0.0000000000
12.0;1.5;1.0000000000;0.0000000000
14.0;1.5;1.0000000000;0.0000000000
16.0;1.5;1.0000000000;0.0000000000
18.0;1.5;1.0000000000;0.0000000000
20.0;1.5;1.0000000000;0.0000000000
22.0;1.5;1.0000000000;0.0000000000
24.0;1.5;1.0000000000;0.0000000000
26.0;1.5;1.0000000000;0.0000000000
28.0;1.5;1.0000000000;0.0000000000
30.0;1.5;1.0000000000;0.0000000000
32.0;1.5;1.0000000000;0.0000000000
34.0;1.5;1.0000000000;0.0000000000
36.0;1.5;1.0000000000;0.0000000000
38.0;1.5;1.0000000000;0.0000000000
40.0;1.5;1.0000000000;0.0000000000
42.0;1.5;1.0000000000;0.0000000000
44.0;1.5;1.0000000000;0.0000000000
46.0;1.5;1.0000000000;0.0000000000
48.0;1.5;1.0000000000;0.0000000000
50.0;1.5;1.0000000000;0.0000000000
52.0;1.5;1.0000000000;0.0000000000
54.0;1.5;1.0000000000;0.0000000000
