0.0;-1.0;0.0015740513101262493;0.0 
0.2;-1.0;0.002235555851766265;0.0 
0.4;-1.0;0.003143656758086603;4.336808689942018e-19 
0.6000000000000001;-1.0;0.004013460220292146;0.0 
0.8;-1.0;0.005959379455845765;0.0 
1.0;-1.0;0.007509263578005507;0.0 
1.2000000000000002;-1.0;0.008936949665650758;0.0 
1.4000000000000001;-1.0;0.01142132752939631;0.0 
1.6;-1.0;0.018561469292744878;0.0 
1.8;-1.0;0.021474602525340676;0.0 
2.0;-1.0;0.024471549268840938;0.0 
2.2;-1.0;0.030590840418616778;0.0 
2.4000000000000004;-1.0;0.03691878765387279;0.0 
2.6;-1.0;0.044599230553519435;0.0 
2.8000000000000003;-1.0;0.052914901524798955;0.0 
3.0;-1.0;0.06488819506625354;0.0 
3.2;-1.0;0.07067902537738432;0.0 
3.4000000000000004;-1.0;0.08451594347727184;0.0 
3.6;-1.0;0.09031851594642461;0.0 
3.8000000000000003;-1.0;0.10139372418081596;1.3877787807814457e-17 
4.0;-1.0;0.11729806831320659;1.3877787807814457e-17 
4.2;-1.0;0.12397360100498458;1.3877787807814457e-17 
4.4;-1.0;0.13707068930874594;0.0 
4.6000000000000005;-1.0;0.15371654506104043;0.0 
4.800000000000001;-1.0;0.16726830583987026;0.0 
5.0;-1.0;0.1864543381014978;0.0 
5.2;-1.0;0.199397180667036;0.0 
5.4;-1.0;0.20759169413795703;0.0 
5.6000000000000005;-1.0;0.21985211146686945;0.0 
5.800000000000001;-1.0;0.2505346448722433;0.0 
0.0;-0.975;0.003070640562615117;0.0 
0.2;-0.975;0.0038875101920858627;0.0 
0.4;-0.975;0.005853111316000197;0.0 
0.6000000000000001;-0.975;0.008787250125726252;0.0 
0.8;-0.975;0.01037177782352314;0.0 
1.0;-0.975;0.014064427235149762;0.0 
1.2000000000000002;-0.975;0.01774185637433576;0.0 
1.4000000000000001;-0.975;0.024527467825579085;0.0 
1.6;-0.975;0.02980790302416201;0.0 
1.8;-0.975;0.03855657197334162;0.0 
2.0;-0.975;0.0472286882010167;0.0 
2.2;-0.975;0.061492200043016455;6.938893903907228e-18 
2.4000000000000004;-0.975;0.0701379985901324;0.0 
2.6;-0.975;0.08314862244626005;0.0 
2.8000000000000003;-0.975;0.10262502738098747;1.3877787807814457e-17 
3.0;-0.975;0.11898313635707039;1.3877787807814457e-17 
3.2;-0.975;0.1305213187103591;0.0 
3.4000000000000004;-0.975;0.15612726323662635;0.0 
3.6;-0.975;0.16761949256229094;0.0 
3.8000000000000003;-0.975;0.19690816830297134;0.0 
4.0;-0.975;0.21257451568268698;0.0 
4.2;-0.975;0.2251732687572682;0.0 
4.4;-0.975;0.26465154157984466;0.0 
4.6000000000000005;-0.975;0.28962020281702844;0.0 
4.800000000000001;-0.975;0.32481049357990066;0.0 
5.0;-0.975;0.33813128276670545;0.0 
5.2;-0.975;0.36639541711694346;0.0 
5.4;-0.975;0.38151882912589363;0.0 
5.6000000000000005;-0.975;0.40975998322115864;0.0 
5.800000000000001;-0.975;0.4335102346055818;0.0 
0.0;-0.95;0.005046579041616583;0.0 
0.2;-0.95;0.00795719400859288;0.0 
0.4;-0.95;0.009620683773629998;0.0 
0.6000000000000001;-0.95;0.014904508298799172;0.0 
0.8;-0.95;0.018076739958019544;0.0 
1.0;-0.95;0.024650443319424713;0.0 
1.2000000000000002;-0.95;0.031953914556917096;0.0 
1.4000000000000001;-0.95;0.04218712179864107;0.0 
1.6;-0.95;0.053705059784817696;6.938893903907228e-18 
1.8;-0.95;0.055470575657012924;6.938893903907228e-18 
2.0;-0.95;0.07865901721649043;0.0 
2.2;-0.95;0.09683647618156455;0.0 
2.4000000000000004;-0.95;0.11331904292072234;0.0 
2.6;-0.95;0.12780982337001368;0.0 
2.8000000000000003;-0.95;0.16411482937023197;0.0 
3.0;-0.95;0.17877068339964033;0.0 
3.2;-0.95;0.1993867549280997;0.0 
3.4000000000000004;-0.95;0.2330363980515997;0.0 
3.6;-0.95;0.25769422350657745;0.0 
3.8000000000000003;-0.95;0.2893915880121679;0.0 
4.0;-0.95;0.33912154604627676;0.0 
4.2;-0.95;0.3487874849337887;0.0 
4.4;-0.95;0.387191823509694;0.0 
4.6000000000000005;-0.95;0.4305640986077145;5.551115123125783e-17 
4.800000000000001;-0.95;0.43595289078507193;0.0 
5.0;-0.95;0.4816813031794793;0.0 
5.2;-0.95;0.501739340026563;0.0 
5.4;-0.95;0.5478594888237375;0.0 
5.6000000000000005;-0.95;0.5501830776531434;0.0 
5.800000000000001;-0.95;0.5947141128818083;0.0 
0.0;-0.9249999999999999;0.009563095305103141;0.0 
0.2;-0.9249999999999999;0.010691600149788223;0.0 
0.4;-0.9249999999999999;0.01472728192825008;1.734723475976807e-18 
0.6000000000000001;-0.9249999999999999;0.018456086750996737;0.0 
0.8;-0.9249999999999999;0.02832929069981142;0.0 
1.0;-0.9249999999999999;0.03604127434527095;0.0 
1.2000000000000002;-0.9249999999999999;0.0411681623988907;0.0 
1.4000000000000001;-0.9249999999999999;0.05235194489507876;6.938893903907228e-18 
1.6;-0.9249999999999999;0.0673711839276442;0.0 
1.8;-0.9249999999999999;0.08002762466316778;0.0 
2.0;-0.9249999999999999;0.102614191778671;0.0 
2.2;-0.9249999999999999;0.12850713155203075;0.0 
2.4000000000000004;-0.9249999999999999;0.14644096353273856;0.0 
2.6;-0.9249999999999999;0.16667957921119977;0.0 
2.8000000000000003;-0.9249999999999999;0.20085259171535852;0.0 
3.0;-0.9249999999999999;0.23235376885065478;0.0 
3.2;-0.9249999999999999;0.26502791224327316;0.0 
3.4000000000000004;-0.9249999999999999;0.28509506182043015;0.0 
3.6;-0.9249999999999999;0.31765354568559206;0.0 
3.8000000000000003;-0.9249999999999999;0.3399594560402867;0.0 
4.0;-0.9249999999999999;0.39566647723294013;0.0 
4.2;-0.9249999999999999;0.42623241444600773;5.551115123125783e-17 
4.4;-0.9249999999999999;0.45778342565854946;5.551115123125783e-17 
4.6000000000000005;-0.9249999999999999;0.48636297316732546;5.551115123125783e-17 
4.800000000000001;-0.9249999999999999;0.5346276886450616;0.0 
5.0;-0.9249999999999999;0.5618857780521548;0.0 
5.2;-0.9249999999999999;0.6015031981056128;0.0 
5.4;-0.9249999999999999;0.6063687447030295;0.0 
5.6000000000000005;-0.9249999999999999;0.6434301915844735;0.0 
5.800000000000001;-0.9249999999999999;0.6678295972634003;0.0 
0.0;-0.8999999999999999;0.010167230373938105;0.0 
0.2;-0.8999999999999999;0.015205995556247808;1.734723475976807e-18 
0.4;-0.8999999999999999;0.019345747012325606;0.0 
0.6000000000000001;-0.8999999999999999;0.023820021136793837;0.0 
0.8;-0.8999999999999999;0.031360884280684224;0.0 
1.0;-0.8999999999999999;0.04348702701571654;0.0 
1.2000000000000002;-0.8999999999999999;0.05698261478180318;6.938893903907228e-18 
1.4000000000000001;-0.8999999999999999;0.07270447278321772;0.0 
1.6;-0.8999999999999999;0.08005116725448641;0.0 
1.8;-0.8999999999999999;0.10106837460216508;1.3877787807814457e-17 
2.0;-0.8999999999999999;0.12734372201432548;0.0 
2.2;-0.8999999999999999;0.14731581135742555;0.0 
2.4000000000000004;-0.8999999999999999;0.1763096611312821;0.0 
2.6;-0.8999999999999999;0.2043205950352836;2.7755575615628914e-17 
2.8000000000000003;-0.8999999999999999;0.22750269160809097;0.0 
3.0;-0.8999999999999999;0.2663703699496112;0.0 
3.2;-0.8999999999999999;0.2961290533642177;0.0 
3.4000000000000004;-0.8999999999999999;0.33642344910287614;0.0 
3.6;-0.8999999999999999;0.37123083331569273;0.0 
3.8000000000000003;-0.8999999999999999;0.40273207127399946;0.0 
4.0;-0.8999999999999999;0.43801586276465654;0.0 
4.2;-0.8999999999999999;0.4781044973085202;0.0 
4.4;-0.8999999999999999;0.5132312147887347;0.0 
4.6000000000000005;-0.8999999999999999;0.5346271431622651;0.0 
4.800000000000001;-0.8999999999999999;0.5829571516751137;0.0 
5.0;-0.8999999999999999;0.6151573552915499;0.0 
5.2;-0.8999999999999999;0.6494012938507963;0.0 
5.4;-0.8999999999999999;0.6753823957916685;0.0 
5.6000000000000005;-0.8999999999999999;0.722409754518445;0.0 
5.800000000000001;-0.8999999999999999;0.7260876799931834;0.0 
0.0;-0.8749999999999999;0.016874785366607907;0.0 
0.2;-0.8749999999999999;0.015831601065758465;0.0 
0.4;-0.8749999999999999;0.023134344658658462;0.0 
0.6000000000000001;-0.8749999999999999;0.027926155572335975;3.469446951953614e-18 
0.8;-0.8749999999999999;0.039172603573664394;0.0 
1.0;-0.8749999999999999;0.05107909503890297;6.938893903907228e-18 
1.2000000000000002;-0.8749999999999999;0.05912583307011331;6.938893903907228e-18 
1.4000000000000001;-0.8749999999999999;0.08188042194105027;0.0 
1.6;-0.8749999999999999;0.09947197953558792;0.0 
1.8;-0.8749999999999999;0.12681204991349998;0.0 
2.0;-0.8749999999999999;0.13830985293786835;0.0 
2.2;-0.8749999999999999;0.1717098748288114;0.0 
2.4000000000000004;-0.8749999999999999;0.20321891457370964;0.0 
2.6;-0.8749999999999999;0.22669718534062885;0.0 
2.8000000000000003;-0.8749999999999999;0.26352730142067654;0.0 
3.0;-0.8749999999999999;0.290259114532663;0.0 
3.2;-0.8749999999999999;0.3345970460132835;0.0 
3.4000000000000004;-0.8749999999999999;0.370077801275336;0.0 
3.6;-0.8749999999999999;0.40847545225901494;5.551115123125783e-17 
3.8000000000000003;-0.8749999999999999;0.4381681149361153;5.551115123125783e-17 
4.0;-0.8749999999999999;0.48322515351018264;0.0 
4.2;-0.8749999999999999;0.5249236934230922;0.0 
4.4;-0.8749999999999999;0.5476806484170719;0.0 
4.6000000000000005;-0.8749999999999999;0.5940741798313962;0.0 
4.800000000000001;-0.8749999999999999;0.647805300020442;0.0 
5.0;-0.8749999999999999;0.6693619793660811;0.0 
5.2;-0.8749999999999999;0.7059902449759755;0.0 
5.4;-0.8749999999999999;0.7144668774185134;0.0 
5.6000000000000005;-0.8749999999999999;0.7620530371974308;0.0 
5.800000000000001;-0.8749999999999999;0.7536727560632958;0.0 
0.0;-0.8499999999999999;0.016515129267021405;0.0 
0.2;-0.8499999999999999;0.01839734998581853;0.0 
0.4;-0.8499999999999999;0.022547678306452205;0.0 
0.6000000000000001;-0.8499999999999999;0.03480069480114266;0.0 
0.8;-0.8499999999999999;0.04710678327009761;0.0 
1.0;-0.8499999999999999;0.060959161115200514;0.0 
1.2000000000000002;-0.8499999999999999;0.07073722476627756;0.0 
1.4000000000000001;-0.8499999999999999;0.09209159569768477;0.0 
1.6;-0.8499999999999999;0.11324589548973282;0.0 
1.8;-0.8499999999999999;0.14100419647554915;0.0 
2.0;-0.8499999999999999;0.16332013156008912;0.0 
2.2;-0.8499999999999999;0.19481494102478988;0.0 
2.4000000000000004;-0.8499999999999999;0.2269439223941312;0.0 
2.6;-0.8499999999999999;0.26563959023214695;0.0 
2.8000000000000003;-0.8499999999999999;0.2908313707269994;0.0 
3.0;-0.8499999999999999;0.32844861764278904;0.0 
3.2;-0.8499999999999999;0.3734662582515538;0.0 
3.4000000000000004;-0.8499999999999999;0.41083779276812027;5.551115123125783e-17 
3.6;-0.8499999999999999;0.4487095142613594;5.551115123125783e-17 
3.8000000000000003;-0.8499999999999999;0.4804803425365008;0.0 
4.0;-0.8499999999999999;0.5145059138747434;0.0 
4.2;-0.8499999999999999;0.5542808908742903;0.0 
4.4;-0.8499999999999999;0.5881966979461172;0.0 
4.6000000000000005;-0.8499999999999999;0.6272079084434152;0.0 
4.800000000000001;-0.8499999999999999;0.6473000379473121;0.0 
5.0;-0.8499999999999999;0.6963894968994174;0.0 
5.2;-0.8499999999999999;0.71285277157656;0.0 
5.4;-0.8499999999999999;0.7651457520607903;0.0 
5.6000000000000005;-0.8499999999999999;0.788566979931743;0.0 
5.800000000000001;-0.8499999999999999;0.8103362287533556;0.0 
0.0;-0.8249999999999998;0.018652477958513606;0.0 
0.2;-0.8249999999999998;0.02012827505428381;0.0 
0.4;-0.8249999999999998;0.032583327806822424;0.0 
0.6000000000000001;-0.8249999999999998;0.03755205507340331;0.0 
0.8;-0.8249999999999998;0.04268594199266652;0.0 
1.0;-0.8249999999999998;0.060996174713273565;0.0 
1.2000000000000002;-0.8249999999999998;0.07851358710695763;0.0 
1.4000000000000001;-0.8249999999999998;0.09143802361841802;0.0 
1.6;-0.8249999999999998;0.11814823201433053;0.0 
1.8;-0.8249999999999998;0.1460020852290422;0.0 
2.0;-0.8249999999999998;0.1771022982401479;0.0 
2.2;-0.8249999999999998;0.20663283855963904;2.7755575615628914e-17 
2.4000000000000004;-0.8249999999999998;0.22195861717492002;0.0 
2.6;-0.8249999999999998;0.26090887571445376;0.0 
2.8000000000000003;-0.8249999999999998;0.3068608471559512;0.0 
3.0;-0.8249999999999998;0.32312777333367093;0.0 
3.2;-0.8249999999999998;0.39452568869113736;0.0 
3.4000000000000004;-0.8249999999999998;0.4541793164235221;0.0 
3.6;-0.8249999999999998;0.4692353841928639;5.551115123125783e-17 
3.8000000000000003;-0.8249999999999998;0.5182158629402299;0.0 
4.0;-0.8249999999999998;0.5497860261767118;0.0 
4.2;-0.8249999999999998;0.5740616910106155;0.0 
4.4;-0.8249999999999998;0.6214597419808022;0.0 
4.6000000000000005;-0.8249999999999998;0.6672926993368303;0.0 
4.800000000000001;-0.8249999999999998;0.7053210173365607;0.0 
5.0;-0.8249999999999998;0.7165679253477741;0.0 
5.2;-0.8249999999999998;0.7542002238607769;0.0 
5.4;-0.8249999999999998;0.7764384947506883;0.0 
5.6000000000000005;-0.8249999999999998;0.8029624651571827;0.0 
5.800000000000001;-0.8249999999999998;0.8144053515719138;0.0 
0.0;-0.7999999999999998;0.016779011409546886;0.0 
0.2;-0.7999999999999998;0.02432272145276156;0.0 
0.4;-0.7999999999999998;0.03884320445424751;0.0 
0.6000000000000001;-0.7999999999999998;0.048300350588945475;0.0 
0.8;-0.7999999999999998;0.058791408084031514;0.0 
1.0;-0.7999999999999998;0.05843958996388019;0.0 
1.2000000000000002;-0.7999999999999998;0.08937216142492355;0.0 
1.4000000000000001;-0.7999999999999998;0.10831326661685212;0.0 
1.6;-0.7999999999999998;0.12381871862564535;0.0 
1.8;-0.7999999999999998;0.14862105621135177;0.0 
2.0;-0.7999999999999998;0.1737420536824984;0.0 
2.2;-0.7999999999999998;0.2133303361946727;0.0 
2.4000000000000004;-0.7999999999999998;0.25112132866225606;0.0 
2.6;-0.7999999999999998;0.2895708907135468;0.0 
2.8000000000000003;-0.7999999999999998;0.32660811972010934;0.0 
3.0;-0.7999999999999998;0.3461792246739877;0.0 
3.2;-0.7999999999999998;0.411239120160871;0.0 
3.4000000000000004;-0.7999999999999998;0.4614149332780889;0.0 
3.6;-0.7999999999999998;0.4840466867858481;0.0 
3.8000000000000003;-0.7999999999999998;0.5178824826026254;0.0 
4.0;-0.7999999999999998;0.5985110565036791;0.0 
4.2;-0.7999999999999998;0.6001864088061246;0.0 
4.4;-0.7999999999999998;0.6584686249557334;0.0 
4.6000000000000005;-0.7999999999999998;0.6903156512613211;0.0 
4.800000000000001;-0.7999999999999998;0.7359320477911357;0.0 
5.0;-0.7999999999999998;0.7417143624829642;0.0 
5.2;-0.7999999999999998;0.7765282333284764;0.0 
5.4;-0.7999999999999998;0.7869059761752074;0.0 
5.6000000000000005;-0.7999999999999998;0.8256812140842072;1.1102230246251565e-16 
5.800000000000001;-0.7999999999999998;0.8521782158547578;0.0 
0.0;-0.7749999999999998;0.016159759333019833;0.0 
0.2;-0.7749999999999998;0.02860498396934919;0.0 
0.4;-0.7749999999999998;0.04483792092144622;0.0 
0.6000000000000001;-0.7749999999999998;0.0491695351503807;0.0 
0.8;-0.7749999999999998;0.06647288040964258;0.0 
1.0;-0.7749999999999998;0.08185238308207782;0.0 
1.2000000000000002;-0.7749999999999998;0.09596263974557052;0.0 
1.4000000000000001;-0.7749999999999998;0.12262865841576107;0.0 
1.6;-0.7749999999999998;0.1428259987742009;0.0 
1.8;-0.7749999999999998;0.19277270729820406;0.0 
2.0;-0.7749999999999998;0.20764047478128972;0.0 
2.2;-0.7749999999999998;0.2288123939419188;0.0 
2.4000000000000004;-0.7749999999999998;0.2787283152707926;0.0 
2.6;-0.7749999999999998;0.3155160739082224;0.0 
2.8000000000000003;-0.7749999999999998;0.3352678289718207;0.0 
3.0;-0.7749999999999998;0.3999573922389937;0.0 
3.2;-0.7749999999999998;0.43896065104325965;5.551115123125783e-17 
3.4000000000000004;-0.7749999999999998;0.4814502406090038;0.0 
3.6;-0.7749999999999998;0.5261458208298622;0.0 
3.8000000000000003;-0.7749999999999998;0.5523816601283947;0.0 
4.0;-0.7749999999999998;0.5907374533425914;0.0 
4.2;-0.7749999999999998;0.634224319608119;0.0 
4.4;-0.7749999999999998;0.6716193929931566;0.0 
4.6000000000000005;-0.7749999999999998;0.7188085948490278;0.0 
4.800000000000001;-0.7749999999999998;0.7552746587507733;0.0 
5.0;-0.7749999999999998;0.7702601124684177;0.0 
5.2;-0.7749999999999998;0.8110909704579811;0.0 
5.4;-0.7749999999999998;0.8257213848905897;0.0 
5.6000000000000005;-0.7749999999999998;0.8384474338028471;1.1102230246251565e-16 
5.800000000000001;-0.7749999999999998;0.8632448545348126;0.0 
0.0;-0.7499999999999998;0.02554993437624036;3.469446951953614e-18 
0.2;-0.7499999999999998;0.03395999142709566;0.0 
0.4;-0.7499999999999998;0.04469929124815049;0.0 
0.6000000000000001;-0.7499999999999998;0.06765080788084399;0.0 
0.8;-0.7499999999999998;0.05901032521170908;6.938893903907228e-18 
1.0;-0.7499999999999998;0.08524650038749916;0.0 
1.2000000000000002;-0.7499999999999998;0.09654876790963421;0.0 
1.4000000000000001;-0.7499999999999998;0.12619506837265954;0.0 
1.6;-0.7499999999999998;0.16444321728590572;0.0 
1.8;-0.7499999999999998;0.19229748156627866;0.0 
2.0;-0.7499999999999998;0.22135974218906682;0.0 
2.2;-0.7499999999999998;0.24902080602100968;2.7755575615628914e-17 
2.4000000000000004;-0.7499999999999998;0.2797569577124902;0.0 
2.6;-0.7499999999999998;0.31500156658194833;0.0 
2.8000000000000003;-0.7499999999999998;0.3447473127744889;0.0 
3.0;-0.7499999999999998;0.42900895870111067;5.551115123125783e-17 
3.2;-0.7499999999999998;0.4583828908033635;5.551115123125783e-17 
3.4000000000000004;-0.7499999999999998;0.5091733749966407;0.0 
3.6;-0.7499999999999998;0.5261024175059547;0.0 
3.8000000000000003;-0.7499999999999998;0.5660074947987807;0.0 
4.0;-0.7499999999999998;0.6417184757522086;0.0 
4.2;-0.7499999999999998;0.6802431677146789;0.0 
4.4;-0.7499999999999998;0.6999384178110537;0.0 
4.6000000000000005;-0.7499999999999998;0.7287717301995797;0.0 
4.800000000000001;-0.7499999999999998;0.7713195192249401;0.0 
5.0;-0.7499999999999998;0.781555518148465;0.0 
5.2;-0.7499999999999998;0.819783542010146;1.1102230246251565e-16 
5.4;-0.7499999999999998;0.8381431446129122;1.1102230246251565e-16 
5.6000000000000005;-0.7499999999999998;0.8577707564482748;0.0 
5.800000000000001;-0.7499999999999998;0.8861628870249906;1.1102230246251565e-16 
0.0;-0.7249999999999998;0.02245472098905312;0.0 
0.2;-0.7249999999999998;0.030666310012699084;0.0 
0.4;-0.7249999999999998;0.04339310669965969;0.0 
0.6000000000000001;-0.7249999999999998;0.06074165961957796;6.938893903907228e-18 
0.8;-0.7249999999999998;0.06815956979193756;0.0 
1.0;-0.7249999999999998;0.08665082861279484;0.0 
1.2000000000000002;-0.7249999999999998;0.0947661729966074;0.0 
1.4000000000000001;-0.7249999999999998;0.1362792718615659;0.0 
1.6;-0.7249999999999998;0.15172704075181187;0.0 
1.8;-0.7249999999999998;0.19079245432272757;0.0 
2.0;-0.7249999999999998;0.2283294532194847;2.7755575615628914e-17 
2.2;-0.7249999999999998;0.2547889842769917;0.0 
2.4000000000000004;-0.7249999999999998;0.2950184811161439;0.0 
2.6;-0.7249999999999998;0.35408549259576516;0.0 
2.8000000000000003;-0.7249999999999998;0.4093376419611324;0.0 
3.0;-0.7249999999999998;0.447939654194972;5.551115123125783e-17 
3.2;-0.7249999999999998;0.45348781347482464;0.0 
3.4000000000000004;-0.7249999999999998;0.5221353229658992;0.0 
3.6;-0.7249999999999998;0.5546283575963001;0.0 
3.8000000000000003;-0.7249999999999998;0.5884488506440139;0.0 
4.0;-0.7249999999999998;0.6384268540284851;0.0 
4.2;-0.7249999999999998;0.6892293600185447;0.0 
4.4;-0.7249999999999998;0.6966504735863106;0.0 
4.6000000000000005;-0.7249999999999998;0.7279051910286477;0.0 
4.800000000000001;-0.7249999999999998;0.7663341874229179;0.0 
5.0;-0.7249999999999998;0.8045831104240605;0.0 
5.2;-0.7249999999999998;0.8303833946196579;0.0 
5.4;-0.7249999999999998;0.8518158617192002;0.0 
5.6000000000000005;-0.7249999999999998;0.8612312930639094;1.1102230246251565e-16 
5.800000000000001;-0.7249999999999998;0.8959235819765483;1.1102230246251565e-16 
0.0;-0.6999999999999997;0.029713502637259158;3.469446951953614e-18 
0.2;-0.6999999999999997;0.032623831985275915;0.0 
0.4;-0.6999999999999997;0.044776134790283535;0.0 
0.6000000000000001;-0.6999999999999997;0.04577806705363443;0.0 
0.8;-0.6999999999999997;0.059314279939990465;0.0 
1.0;-0.6999999999999997;0.09278071552485839;0.0 
1.2000000000000002;-0.6999999999999997;0.11595048551862872;1.3877787807814457e-17 
1.4000000000000001;-0.6999999999999997;0.14285151013936148;0.0 
1.6;-0.6999999999999997;0.16387303551185825;0.0 
1.8;-0.6999999999999997;0.19934236697396446;0.0 
2.0;-0.6999999999999997;0.23614242339957608;0.0 
2.2;-0.6999999999999997;0.2842805022034711;0.0 
2.4000000000000004;-0.6999999999999997;0.3123054015402976;0.0 
2.6;-0.6999999999999997;0.3559481333029374;0.0 
2.8000000000000003;-0.6999999999999997;0.4025936008718764;0.0 
3.0;-0.6999999999999997;0.4550250196217084;5.551115123125783e-17 
3.2;-0.6999999999999997;0.48472461913462306;0.0 
3.4000000000000004;-0.6999999999999997;0.5331705017015489;0.0 
3.6;-0.6999999999999997;0.5834075280880979;0.0 
3.8000000000000003;-0.6999999999999997;0.6347885737314971;0.0 
4.0;-0.6999999999999997;0.6633903812454706;0.0 
4.2;-0.6999999999999997;0.6795738748010661;0.0 
4.4;-0.6999999999999997;0.7212971046052155;0.0 
4.6000000000000005;-0.6999999999999997;0.7735265577698471;0.0 
4.800000000000001;-0.6999999999999997;0.799828507833699;0.0 
5.0;-0.6999999999999997;0.8251540784304815;1.1102230246251565e-16 
5.2;-0.6999999999999997;0.8564096302744485;0.0 
5.4;-0.6999999999999997;0.8708642939601706;1.1102230246251565e-16 
5.6000000000000005;-0.6999999999999997;0.8848823358652422;1.1102230246251565e-16 
5.800000000000001;-0.6999999999999997;0.8968901337423281;0.0 
0.0;-0.6749999999999997;0.027216300244478166;3.469446951953614e-18 
0.2;-0.6749999999999997;0.04099087302675526;0.0 
0.4;-0.6749999999999997;0.04887340628239645;0.0 
0.6000000000000001;-0.6749999999999997;0.058662016528592306;0.0 
0.8;-0.6749999999999997;0.07740433540974923;0.0 
1.0;-0.6749999999999997;0.09426988325860576;0.0 
1.2000000000000002;-0.6749999999999997;0.1284662391438441;0.0 
1.4000000000000001;-0.6749999999999997;0.14663833653943995;0.0 
1.6;-0.6749999999999997;0.16226653185532725;0.0 
1.8;-0.6749999999999997;0.22091732021797364;0.0 
2.0;-0.6749999999999997;0.23265545255703063;0.0 
2.2;-0.6749999999999997;0.2674460487213347;0.0 
2.4000000000000004;-0.6749999999999997;0.33755716079788683;0.0 
2.6;-0.6749999999999997;0.385972606000113;0.0 
2.8000000000000003;-0.6749999999999997;0.40911743386935806;0.0 
3.0;-0.6749999999999997;0.45098609730020395;0.0 
3.2;-0.6749999999999997;0.5155534518884525;0.0 
3.4000000000000004;-0.6749999999999997;0.554196315834735;0.0 
3.6;-0.6749999999999997;0.5892602160479086;0.0 
3.8000000000000003;-0.6749999999999997;0.6421606920483233;0.0 
4.0;-0.6749999999999997;0.6769493549152708;0.0 
4.2;-0.6749999999999997;0.6892794377925021;0.0 
4.4;-0.6749999999999997;0.769358819820994;0.0 
4.6000000000000005;-0.6749999999999997;0.7880704658096542;0.0 
4.800000000000001;-0.6749999999999997;0.8016651292196271;1.1102230246251565e-16 
5.0;-0.6749999999999997;0.8344074132555221;1.1102230246251565e-16 
5.2;-0.6749999999999997;0.8506400745834812;0.0 
5.4;-0.6749999999999997;0.8831774019308508;0.0 
5.6000000000000005;-0.6749999999999997;0.9014581860124202;0.0 
5.800000000000001;-0.6749999999999997;0.9152090873121146;0.0 
0.0;-0.6499999999999997;0.03310612615732461;0.0 
0.2;-0.6499999999999997;0.037020184795765826;0.0 
0.4;-0.6499999999999997;0.05369514555314479;0.0 
0.6000000000000001;-0.6499999999999997;0.057880593440654035;0.0 
0.8;-0.6499999999999997;0.08252772602290763;0.0 
1.0;-0.6499999999999997;0.0994074387908141;0.0 
1.2000000000000002;-0.6499999999999997;0.12689942761718967;0.0 
1.4000000000000001;-0.6499999999999997;0.16063046274450815;0.0 
1.6;-0.6499999999999997;0.18783624521739578;0.0 
1.8;-0.6499999999999997;0.20104026187983953;0.0 
2.0;-0.6499999999999997;0.244817263548574;2.7755575615628914e-17 
2.2;-0.6499999999999997;0.3093137087245693;0.0 
2.4000000000000004;-0.6499999999999997;0.3557178525158747;0.0 
2.6;-0.6499999999999997;0.4011973098900715;0.0 
2.8000000000000003;-0.6499999999999997;0.4296335889717742;0.0 
3.0;-0.6499999999999997;0.4660693479445242;0.0 
3.2;-0.6499999999999997;0.5375505597599538;0.0 
3.4000000000000004;-0.6499999999999997;0.5664332646931655;0.0 
3.6;-0.6499999999999997;0.6231389329692297;0.0 
3.8000000000000003;-0.6499999999999997;0.663020562317908;0.0 
4.0;-0.6499999999999997;0.6890557354361533;0.0 
4.2;-0.6499999999999997;0.7234691778753842;0.0 
4.4;-0.6499999999999997;0.7804965399546163;0.0 
4.6000000000000005;-0.6499999999999997;0.7748890162331755;0.0 
4.800000000000001;-0.6499999999999997;0.8255029305070295;1.1102230246251565e-16 
5.0;-0.6499999999999997;0.8353291031052802;0.0 
5.2;-0.6499999999999997;0.8495800750446764;0.0 
5.4;-0.6499999999999997;0.8770033171804336;0.0 
5.6000000000000005;-0.6499999999999997;0.8993922208021778;0.0 
5.800000000000001;-0.6499999999999997;0.9179279298251766;0.0 
0.0;-0.6249999999999997;0.03229514114623864;0.0 
0.2;-0.6249999999999997;0.04267272333024555;0.0 
0.4;-0.6249999999999997;0.04999830581772089;0.0 
0.6000000000000001;-0.6249999999999997;0.07022855014639044;0.0 
0.8;-0.6249999999999997;0.0821070336566236;0.0 
1.0;-0.6249999999999997;0.11781439590025997;1.3877787807814457e-17 
1.2000000000000002;-0.6249999999999997;0.13972503120561292;0.0 
1.4000000000000001;-0.6249999999999997;0.16330567211075492;0.0 
1.6;-0.6249999999999997;0.1964689008297893;0.0 
1.8;-0.6249999999999997;0.24427161103098044;0.0 
2.0;-0.6249999999999997;0.2835410799262196;0.0 
2.2;-0.6249999999999997;0.35048717667529256;0.0 
2.4000000000000004;-0.6249999999999997;0.36421700768181364;0.0 
2.6;-0.6249999999999997;0.3925586698355013;0.0 
2.8000000000000003;-0.6249999999999997;0.4648222283757299;0.0 
3.0;-0.6249999999999997;0.5178404521943388;0.0 
3.2;-0.6249999999999997;0.5561411951516432;0.0 
3.4000000000000004;-0.6249999999999997;0.5883527123239762;0.0 
3.6;-0.6249999999999997;0.6188458404731895;0.0 
3.8000000000000003;-0.6249999999999997;0.6608318435857993;0.0 
4.0;-0.6249999999999997;0.7083362738253227;0.0 
4.2;-0.6249999999999997;0.7619079546801499;0.0 
4.4;-0.6249999999999997;0.7793840857663846;0.0 
4.6000000000000005;-0.6249999999999997;0.8188955984944528;1.1102230246251565e-16 
4.800000000000001;-0.6249999999999997;0.8340433973721646;0.0 
5.0;-0.6249999999999997;0.8536937434976796;0.0 
5.2;-0.6249999999999997;0.8741992861953978;1.1102230246251565e-16 
5.4;-0.6249999999999997;0.8958452884873243;0.0 
5.6000000000000005;-0.6249999999999997;0.9065597947686721;1.1102230246251565e-16 
5.800000000000001;-0.6249999999999997;0.9131939013567741;1.1102230246251565e-16 
0.0;-0.5999999999999996;0.03251440713904178;0.0 
0.2;-0.5999999999999996;0.04841152639004602;0.0 
0.4;-0.5999999999999996;0.05424071908814217;0.0 
0.6000000000000001;-0.5999999999999996;0.0724910283447229;0.0 
0.8;-0.5999999999999996;0.10466139574667488;0.0 
1.0;-0.5999999999999996;0.11600996541689121;0.0 
1.2000000000000002;-0.5999999999999996;0.15367064774991396;0.0 
1.4000000000000001;-0.5999999999999996;0.18462859652661978;0.0 
1.6;-0.5999999999999996;0.20376513285130876;2.7755575615628914e-17 
1.8;-0.5999999999999996;0.2434791572760449;2.7755575615628914e-17 
2.0;-0.5999999999999996;0.2773614704341144;0.0 
2.2;-0.5999999999999996;0.3423970783542087;0.0 
2.4000000000000004;-0.5999999999999996;0.36890979488423414;0.0 
2.6;-0.5999999999999996;0.437684749741042;5.551115123125783e-17 
2.8000000000000003;-0.5999999999999996;0.4708247052700297;0.0 
3.0;-0.5999999999999996;0.5184029483723;0.0 
3.2;-0.5999999999999996;0.5767307152242348;0.0 
3.4000000000000004;-0.5999999999999996;0.6126393064966194;0.0 
3.6;-0.5999999999999996;0.6419383199089532;0.0 
3.8000000000000003;-0.5999999999999996;0.6912883881746479;0.0 
4.0;-0.5999999999999996;0.740511244560808;0.0 
4.2;-0.5999999999999996;0.7560113045328899;0.0 
4.4;-0.5999999999999996;0.7900848282673509;0.0 
4.6000000000000005;-0.5999999999999996;0.8153894357691295;0.0 
4.800000000000001;-0.5999999999999996;0.8324199879563079;1.1102230246251565e-16 
5.0;-0.5999999999999996;0.8784963180960178;0.0 
5.2;-0.5999999999999996;0.8831054278446855;0.0 
5.4;-0.5999999999999996;0.9104414318355477;0.0 
5.6000000000000005;-0.5999999999999996;0.9279674453283299;1.1102230246251565e-16 
5.800000000000001;-0.5999999999999996;0.9241942242010499;0.0 
0.0;-0.5749999999999996;0.031816726503505345;0.0 
0.2;-0.5749999999999996;0.042893531044289286;0.0 
0.4;-0.5749999999999996;0.062125216998081934;0.0 
0.6000000000000001;-0.5749999999999996;0.08472998491291991;0.0 
0.8;-0.5749999999999996;0.10688244890152734;1.3877787807814457e-17 
1.0;-0.5749999999999996;0.1303262098566982;0.0 
1.2000000000000002;-0.5749999999999996;0.1525118227654461;0.0 
1.4000000000000001;-0.5749999999999996;0.19765952123811767;0.0 
1.6;-0.5749999999999996;0.22173479786345482;0.0 
1.8;-0.5749999999999996;0.26860408358907556;0.0 
2.0;-0.5749999999999996;0.3233051664837942;0.0 
2.2;-0.5749999999999996;0.3551605540401653;0.0 
2.4000000000000004;-0.5749999999999996;0.3978529105990035;0.0 
2.6;-0.5749999999999996;0.4349918575381092;5.551115123125783e-17 
2.8000000000000003;-0.5749999999999996;0.48902518621733276;5.551115123125783e-17 
3.0;-0.5749999999999996;0.5320245248655364;0.0 
3.2;-0.5749999999999996;0.5938736355267347;0.0 
3.4000000000000004;-0.5749999999999996;0.6295097536780644;0.0 
3.6;-0.5749999999999996;0.6632621320383927;0.0 
3.8000000000000003;-0.5749999999999996;0.7014641621520452;0.0 
4.0;-0.5749999999999996;0.7400429439944105;0.0 
4.2;-0.5749999999999996;0.759363401633567;0.0 
4.4;-0.5749999999999996;0.8248697616190299;1.1102230246251565e-16 
4.6000000000000005;-0.5749999999999996;0.8302829767042781;1.1102230246251565e-16 
4.800000000000001;-0.5749999999999996;0.8530101841198705;0.0 
5.0;-0.5749999999999996;0.880049277645657;0.0 
5.2;-0.5749999999999996;0.8931469593051335;0.0 
5.4;-0.5749999999999996;0.9141372834862752;0.0 
5.6000000000000005;-0.5749999999999996;0.9168485561185399;1.1102230246251565e-16 
5.800000000000001;-0.5749999999999996;0.9328866574955399;0.0 
0.0;-0.5499999999999996;0.04115917959622984;0.0 
0.2;-0.5499999999999996;0.04613560381831285;0.0 
0.4;-0.5499999999999996;0.07597137428155674;0.0 
0.6000000000000001;-0.5499999999999996;0.08873776834760098;0.0 
0.8;-0.5499999999999996;0.11549071858000755;1.3877787807814457e-17 
1.0;-0.5499999999999996;0.14013858218547254;0.0 
1.2000000000000002;-0.5499999999999996;0.16095744400055806;0.0 
1.4000000000000001;-0.5499999999999996;0.2033777595990327;0.0 
1.6;-0.5499999999999996;0.2373953049010748;0.0 
1.8;-0.5499999999999996;0.2888144599707229;0.0 
2.0;-0.5499999999999996;0.3259941161644083;0.0 
2.2;-0.5499999999999996;0.37577607003992886;0.0 
2.4000000000000004;-0.5499999999999996;0.4287972410395585;0.0 
2.6;-0.5499999999999996;0.47782803554326037;5.551115123125783e-17 
2.8000000000000003;-0.5499999999999996;0.5228715902765465;0.0 
3.0;-0.5499999999999996;0.5605274821012575;0.0 
3.2;-0.5499999999999996;0.5846246077238404;0.0 
3.4000000000000004;-0.5499999999999996;0.6541712177909109;0.0 
3.6;-0.5499999999999996;0.6871915859398388;0.0 
3.8000000000000003;-0.5499999999999996;0.7298428976261371;0.0 
4.0;-0.5499999999999996;0.7600240506358557;0.0 
4.2;-0.5499999999999996;0.7820010684032851;0.0 
4.4;-0.5499999999999996;0.810310311982265;0.0 
4.6000000000000005;-0.5499999999999996;0.8373078006471918;1.1102230246251565e-16 
4.800000000000001;-0.5499999999999996;0.8741714137132343;0.0 
5.0;-0.5499999999999996;0.8739616990099552;0.0 
5.2;-0.5499999999999996;0.8899755363478687;1.1102230246251565e-16 
5.4;-0.5499999999999996;0.9186064372108799;0.0 
5.6000000000000005;-0.5499999999999996;0.92718263838816;0.0 
5.800000000000001;-0.5499999999999996;0.9595179;0.0 
0.0;-0.5249999999999996;0.0426843367622653;0.0 
0.2;-0.5249999999999996;0.05937459267922439;6.938893903907228e-18 
0.4;-0.5249999999999996;0.08037007989375036;0.0 
0.6000000000000001;-0.5249999999999996;0.0997878957589506;0.0 
0.8;-0.5249999999999996;0.12454665734152379;1.3877787807814457e-17 
1.0;-0.5249999999999996;0.14323152624929697;0.0 
1.2000000000000002;-0.5249999999999996;0.18867387320323792;0.0 
1.4000000000000001;-0.5249999999999996;0.21443091521934407;2.7755575615628914e-17 
1.6;-0.5249999999999996;0.2589672773740901;0.0 
1.8;-0.5249999999999996;0.30431602659199297;0.0 
2.0;-0.5249999999999996;0.33683508071685886;0.0 
2.2;-0.5249999999999996;0.3909602443180748;0.0 
2.4000000000000004;-0.5249999999999996;0.43121094648430025;5.551115123125783e-17 
2.6;-0.5249999999999996;0.4888271941392315;0.0 
2.8000000000000003;-0.5249999999999996;0.5258449848969018;0.0 
3.0;-0.5249999999999996;0.5846713197727587;0.0 
3.2;-0.5249999999999996;0.6071438045811827;0.0 
3.4000000000000004;-0.5249999999999996;0.6362434822245802;0.0 
3.6;-0.5249999999999996;0.6847997553949386;0.0 
3.8000000000000003;-0.5249999999999996;0.7537089403316185;0.0 
4.0;-0.5249999999999996;0.7530166120785237;0.0 
4.2;-0.5249999999999996;0.7933451220114182;0.0 
4.4;-0.5249999999999996;0.8295968491554311;1.1102230246251565e-16 
4.6000000000000005;-0.5249999999999996;0.842513297257452;0.0 
4.800000000000001;-0.5249999999999996;0.8777575686936586;1.1102230246251565e-16 
5.0;-0.5249999999999996;0.8919865379469891;1.1102230246251565e-16 
5.2;-0.5249999999999996;0.9195593484527999;0.0 
5.4;-0.5249999999999996;0.941244366744;1.1102230246251565e-16 
5.6000000000000005;-0.5249999999999996;0.9348059283235199;0.0 
5.800000000000001;-0.5249999999999996;0.9401491637999999;1.1102230246251565e-16 
0.0;-0.49999999999999956;0.05500493802152471;0.0 
0.2;-0.49999999999999956;0.0651605564083621;0.0 
0.4;-0.49999999999999956;0.07792724748198328;0.0 
0.6000000000000001;-0.49999999999999956;0.10563722630844023;0.0 
0.8;-0.49999999999999956;0.13171479021968893;0.0 
1.0;-0.49999999999999956;0.15995785964035353;0.0 
1.2000000000000002;-0.49999999999999956;0.2121340851102219;2.7755575615628914e-17 
1.4000000000000001;-0.49999999999999956;0.2215780177841677;0.0 
1.6;-0.49999999999999956;0.28458766619413367;0.0 
1.8;-0.49999999999999956;0.3100787285887699;0.0 
2.0;-0.49999999999999956;0.35800862303301334;0.0 
2.2;-0.49999999999999956;0.39622388826755833;0.0 
2.4000000000000004;-0.49999999999999956;0.46372031904183564;0.0 
2.6;-0.49999999999999956;0.4969568731429779;0.0 
2.8000000000000003;-0.49999999999999956;0.5544850488963496;0.0 
3.0;-0.49999999999999956;0.565905823300872;0.0 
3.2;-0.49999999999999956;0.6270504195811094;0.0 
3.4000000000000004;-0.49999999999999956;0.6710151874703342;0.0 
3.6;-0.49999999999999956;0.7190362269656952;0.0 
3.8000000000000003;-0.49999999999999956;0.7304070129199295;0.0 
4.0;-0.49999999999999956;0.7698305236763263;0.0 
4.2;-0.49999999999999956;0.8103216109261158;0.0 
4.4;-0.49999999999999956;0.8496362872156702;0.0 
4.6000000000000005;-0.49999999999999956;0.8659305038799243;0.0 
4.800000000000001;-0.49999999999999956;0.8686386365254444;1.1102230246251565e-16 
5.0;-0.49999999999999956;0.9048942307952771;0.0 
5.2;-0.49999999999999956;0.9103371272468748;0.0 
5.4;-0.49999999999999956;0.9384149748599999;0.0 
5.6000000000000005;-0.49999999999999956;0.9290711701438198;1.1102230246251565e-16 
5.800000000000001;-0.49999999999999956;0.96044256;0.0 
0.0;-0.47499999999999953;0.06284295892757605;0.0 
0.2;-0.47499999999999953;0.07654427799633895;0.0 
0.4;-0.47499999999999953;0.10411837622913134;0.0 
0.6000000000000001;-0.47499999999999953;0.10998677871890664;0.0 
0.8;-0.47499999999999953;0.1423047858564691;0.0 
1.0;-0.47499999999999953;0.17877582665771738;0.0 
1.2000000000000002;-0.47499999999999953;0.23393960680374032;0.0 
1.4000000000000001;-0.47499999999999953;0.26644270997957886;0.0 
1.6;-0.47499999999999953;0.2970932875573836;0.0 
1.8;-0.47499999999999953;0.3327641352030928;0.0 
2.0;-0.47499999999999953;0.383253151397576;0.0 
2.2;-0.47499999999999953;0.41894129353226284;0.0 
2.4000000000000004;-0.47499999999999953;0.47870824130475864;5.551115123125783e-17 
2.6;-0.47499999999999953;0.5442772409229989;0.0 
2.8000000000000003;-0.47499999999999953;0.5665223816432271;0.0 
3.0;-0.47499999999999953;0.5995805351578484;0.0 
3.2;-0.47499999999999953;0.6631462546485929;0.0 
3.4000000000000004;-0.47499999999999953;0.6991150105969067;0.0 
3.6;-0.47499999999999953;0.7324156157192796;0.0 
3.8000000000000003;-0.47499999999999953;0.7653688171831907;0.0 
4.0;-0.47499999999999953;0.8233464376329016;0.0 
4.2;-0.47499999999999953;0.8343224062603095;1.1102230246251565e-16 
4.4;-0.47499999999999953;0.8471269752816472;1.1102230246251565e-16 
4.6000000000000005;-0.47499999999999953;0.8758581910146483;0.0 
4.800000000000001;-0.47499999999999953;0.9029079929770558;1.1102230246251565e-16 
5.0;-0.47499999999999953;0.9130227231477923;0.0 
5.2;-0.47499999999999953;0.93850230177;1.1102230246251565e-16 
5.4;-0.47499999999999953;0.945138176631;0.0 
5.6000000000000005;-0.47499999999999953;0.9575101800000001;1.1102230246251565e-16 
5.800000000000001;-0.47499999999999953;0.9663667200000001;1.1102230246251565e-16 
0.0;-0.4499999999999995;0.06341379731411009;0.0 
0.2;-0.4499999999999995;0.09113202285612923;0.0 
0.4;-0.4499999999999995;0.09499526715629211;0.0 
0.6000000000000001;-0.4499999999999995;0.12539834197618788;0.0 
0.8;-0.4499999999999995;0.13002503509955007;0.0 
1.0;-0.4499999999999995;0.18728930836858984;0.0 
1.2000000000000002;-0.4499999999999995;0.23862326975359757;0.0 
1.4000000000000001;-0.4499999999999995;0.280573603027034;0.0 
1.6;-0.4499999999999995;0.3055700344889657;0.0 
1.8;-0.4499999999999995;0.3658267241128425;0.0 
2.0;-0.4499999999999995;0.3964954810042997;0.0 
2.2;-0.4499999999999995;0.4612375408007268;0.0 
2.4000000000000004;-0.4499999999999995;0.4847278708516397;0.0 
2.6;-0.4499999999999995;0.5419853779130434;0.0 
2.8000000000000003;-0.4499999999999995;0.5996830338125548;0.0 
3.0;-0.4499999999999995;0.6352900293843639;0.0 
3.2;-0.4499999999999995;0.6734006084407;0.0 
3.4000000000000004;-0.4499999999999995;0.7194144925661953;0.0 
3.6;-0.4499999999999995;0.7588071787772515;0.0 
3.8000000000000003;-0.4499999999999995;0.7916186585483708;0.0 
4.0;-0.4499999999999995;0.8281487732330135;0.0 
4.2;-0.4499999999999995;0.8652378609541305;0.0 
4.4;-0.4499999999999995;0.8505290603134977;0.0 
4.6000000000000005;-0.4499999999999995;0.886699863293661;0.0 
4.800000000000001;-0.4499999999999995;0.9111245470081919;0.0 
5.0;-0.4499999999999995;0.9261874609217997;1.1102230246251565e-16 
5.2;-0.4499999999999995;0.9308732482585798;1.1102230246251565e-16 
5.4;-0.4499999999999995;0.9526836626999999;0.0 
5.6000000000000005;-0.4499999999999995;0.9546850268999998;1.1102230246251565e-16 
5.800000000000001;-0.4499999999999995;0.9682596;0.0 
0.0;-0.4249999999999995;0.07298582523058832;0.0 
0.2;-0.4249999999999995;0.09678094010992254;0.0 
0.4;-0.4249999999999995;0.12285353390176672;0.0 
0.6000000000000001;-0.4249999999999995;0.1442069114794993;0.0 
0.8;-0.4249999999999995;0.17067813403496376;0.0 
1.0;-0.4249999999999995;0.21602852997097202;0.0 
1.2000000000000002;-0.4249999999999995;0.26296143832436103;0.0 
1.4000000000000001;-0.4249999999999995;0.28592876153559665;0.0 
1.6;-0.4249999999999995;0.3362572289085149;0.0 
1.8;-0.4249999999999995;0.39265398132637314;0.0 
2.0;-0.4249999999999995;0.42951829097151684;5.551115123125783e-17 
2.2;-0.4249999999999995;0.46628578815647276;5.551115123125783e-17 
2.4000000000000004;-0.4249999999999995;0.5368104866400446;0.0 
2.6;-0.4249999999999995;0.5587147595240265;0.0 
2.8000000000000003;-0.4249999999999995;0.619346794726431;0.0 
3.0;-0.4249999999999995;0.6600943639818989;0.0 
3.2;-0.4249999999999995;0.6864004991192847;0.0 
3.4000000000000004;-0.4249999999999995;0.7236302813320457;0.0 
3.6;-0.4249999999999995;0.7683668338213109;0.0 
3.8000000000000003;-0.4249999999999995;0.7900145680548587;0.0 
4.0;-0.4249999999999995;0.8336035320132593;0.0 
4.2;-0.4249999999999995;0.860391176927261;0.0 
4.4;-0.4249999999999995;0.8750867764501067;0.0 
4.6000000000000005;-0.4249999999999995;0.8950800628366926;1.1102230246251565e-16 
4.800000000000001;-0.4249999999999995;0.9186784819116299;0.0 
5.0;-0.4249999999999995;0.9355855829759999;0.0 
5.2;-0.4249999999999995;0.9480403409400001;1.1102230246251565e-16 
5.4;-0.4249999999999995;0.9547350120000001;1.1102230246251565e-16 
5.6000000000000005;-0.4249999999999995;0.96830415;1.1102230246251565e-16 
5.800000000000001;-0.4249999999999995;0.97026336;0.0 
0.0;-0.39999999999999947;0.07973555477904788;0.0 
0.2;-0.39999999999999947;0.0996850950592317;0.0 
0.4;-0.39999999999999947;0.11765487329399678;1.3877787807814457e-17 
0.6000000000000001;-0.39999999999999947;0.16597622599441106;0.0 
0.8;-0.39999999999999947;0.19618095251507794;0.0 
1.0;-0.39999999999999947;0.2177790117649761;2.7755575615628914e-17 
1.2000000000000002;-0.39999999999999947;0.2764181547741836;0.0 
1.4000000000000001;-0.39999999999999947;0.31114202490492504;0.0 
1.6;-0.39999999999999947;0.3498026605713189;0.0 
1.8;-0.39999999999999947;0.3964672941650228;0.0 
2.0;-0.39999999999999947;0.44409691151776853;0.0 
2.2;-0.39999999999999947;0.4964273911673679;5.551115123125783e-17 
2.4000000000000004;-0.39999999999999947;0.5329315075240489;0.0 
2.6;-0.39999999999999947;0.5702149185294426;0.0 
2.8000000000000003;-0.39999999999999947;0.6467376393545469;0.0 
3.0;-0.39999999999999947;0.6805871787094466;0.0 
3.2;-0.39999999999999947;0.7144446127776015;0.0 
3.4000000000000004;-0.39999999999999947;0.7525690221462532;0.0 
3.6;-0.39999999999999947;0.7918452337744926;0.0 
3.8000000000000003;-0.39999999999999947;0.8251364695086197;0.0 
4.0;-0.39999999999999947;0.8428657213863516;1.1102230246251565e-16 
4.2;-0.39999999999999947;0.8679211766886754;0.0 
4.4;-0.39999999999999947;0.8947827339907104;1.1102230246251565e-16 
4.6000000000000005;-0.39999999999999947;0.9177053981534999;0.0 
4.800000000000001;-0.39999999999999947;0.920587848994747;1.1102230246251565e-16 
5.0;-0.39999999999999947;0.9479684016000001;1.1102230246251565e-16 
5.2;-0.39999999999999947;0.9576851129999999;0.0 
5.4;-0.39999999999999947;0.9566707095;0.0 
5.6000000000000005;-0.39999999999999947;0.9712375200000001;1.1102230246251565e-16 
5.800000000000001;-0.39999999999999947;0.9702742499999999;0.0 
0.0;-0.37499999999999944;0.08860370205829657;0.0 
0.2;-0.37499999999999944;0.11330069436294839;1.3877787807814457e-17 
0.4;-0.37499999999999944;0.13936716742826405;0.0 
0.6000000000000001;-0.37499999999999944;0.183886013643972;0.0 
0.8;-0.37499999999999944;0.22040430911267453;0.0 
1.0;-0.37499999999999944;0.2564855423667672;0.0 
1.2000000000000002;-0.37499999999999944;0.2952402498632514;0.0 
1.4000000000000001;-0.37499999999999944;0.33603314690781605;0.0 
1.6;-0.37499999999999944;0.37575706376076584;0.0 
1.8;-0.37499999999999944;0.4325127548141744;5.551115123125783e-17 
2.0;-0.37499999999999944;0.4450836682952032;0.0 
2.2;-0.37499999999999944;0.5182555930135678;0.0 
2.4000000000000004;-0.37499999999999944;0.5592181766801555;0.0 
2.6;-0.37499999999999944;0.6156522153670615;0.0 
2.8000000000000003;-0.37499999999999944;0.6653678913715416;0.0 
3.0;-0.37499999999999944;0.6986192887829369;0.0 
3.2;-0.37499999999999944;0.7395301227803904;0.0 
3.4000000000000004;-0.37499999999999944;0.7756883116714755;0.0 
3.6;-0.37499999999999944;0.8128015882871683;1.1102230246251565e-16 
3.8000000000000003;-0.37499999999999944;0.8218795824075302;0.0 
4.0;-0.37499999999999944;0.8496751363636538;0.0 
4.2;-0.37499999999999944;0.8857081457634879;1.1102230246251565e-16 
4.4;-0.37499999999999944;0.9112244009634317;1.1102230246251565e-16 
4.6000000000000005;-0.37499999999999944;0.9169018115613345;0.0 
4.800000000000001;-0.37499999999999944;0.9413462481389999;0.0 
5.0;-0.37499999999999944;0.9556798283999999;1.1102230246251565e-16 
5.2;-0.37499999999999944;0.9644025599999999;0.0 
5.4;-0.37499999999999944;0.9781397999999999;0.0 
5.6000000000000005;-0.37499999999999944;0.97418772;0.0 
5.800000000000001;-0.37499999999999944;0.97712;0.0 
0.0;-0.3499999999999994;0.09560877933182636;0.0 
0.2;-0.3499999999999994;0.1250987945108139;0.0 
0.4;-0.3499999999999994;0.1388923608670455;0.0 
0.6000000000000001;-0.3499999999999994;0.18159678948878716;0.0 
0.8;-0.3499999999999994;0.21156380892824916;2.7755575615628914e-17 
1.0;-0.3499999999999994;0.2601703197501317;0.0 
1.2000000000000002;-0.3499999999999994;0.3067761021210414;0.0 
1.4000000000000001;-0.3499999999999994;0.3650114575124216;0.0 
1.6;-0.3499999999999994;0.4084103106572857;0.0 
1.8;-0.3499999999999994;0.4576569775909455;5.551115123125783e-17 
2.0;-0.3499999999999994;0.5016676232031096;0.0 
2.2;-0.3499999999999994;0.5634600797297985;0.0 
2.4000000000000004;-0.3499999999999994;0.5928343043277688;0.0 
2.6;-0.3499999999999994;0.6207000080471576;0.0 
2.8000000000000003;-0.3499999999999994;0.6938199774167951;0.0 
3.0;-0.3499999999999994;0.7202157661889261;0.0 
3.2;-0.3499999999999994;0.7580807503530939;0.0 
3.4000000000000004;-0.3499999999999994;0.794928717356859;0.0 
3.6;-0.3499999999999994;0.8313297736334025;0.0 
3.8000000000000003;-0.3499999999999994;0.8479766512849387;0.0 
4.0;-0.3499999999999994;0.8759338560795916;0.0 
4.2;-0.3499999999999994;0.8993338490329148;1.1102230246251565e-16 
4.4;-0.3499999999999994;0.9105591976883771;0.0 
4.6000000000000005;-0.3499999999999994;0.94036527585;0.0 
4.800000000000001;-0.3499999999999994;0.949975117146;1.1102230246251565e-16 
5.0;-0.3499999999999994;0.9653331599999999;1.1102230246251565e-16 
5.2;-0.3499999999999994;0.9673309800000001;1.1102230246251565e-16 
5.4;-0.3499999999999994;0.97122366;0.0 
5.6000000000000005;-0.3499999999999994;0.9800000000000001;1.1102230246251565e-16 
5.800000000000001;-0.3499999999999994;0.978112;0.0 
0.0;-0.3249999999999994;0.11179567010729521;0.0 
0.2;-0.3249999999999994;0.14386597812832277;0.0 
0.4;-0.3249999999999994;0.16493426139034223;0.0 
0.6000000000000001;-0.3249999999999994;0.2054174027412194;0.0 
0.8;-0.3249999999999994;0.24644459769870947;0.0 
1.0;-0.3249999999999994;0.28527902305998964;0.0 
1.2000000000000002;-0.3249999999999994;0.3222128442076659;0.0 
1.4000000000000001;-0.3249999999999994;0.3866472122900838;0.0 
1.6;-0.3249999999999994;0.4339067312664602;0.0 
1.8;-0.3249999999999994;0.4761937304102945;5.551115123125783e-17 
2.0;-0.3249999999999994;0.527338499516272;0.0 
2.2;-0.3249999999999994;0.5829076835890575;0.0 
2.4000000000000004;-0.3249999999999994;0.6141694048148983;0.0 
2.6;-0.3249999999999994;0.6516054797325038;0.0 
2.8000000000000003;-0.3249999999999994;0.7031581661874144;0.0 
3.0;-0.3249999999999994;0.7389098851377507;0.0 
3.2;-0.3249999999999994;0.7811861574702793;0.0 
3.4000000000000004;-0.3249999999999994;0.8036366374074408;1.1102230246251565e-16 
3.6;-0.3249999999999994;0.848133502790118;1.1102230246251565e-16 
3.8000000000000003;-0.3249999999999994;0.8787768324831241;0.0 
4.0;-0.3249999999999994;0.9039181212941989;0.0 
4.2;-0.3249999999999994;0.903128014035001;1.1102230246251565e-16 
4.4;-0.3249999999999994;0.9309616230914999;1.1102230246251565e-16 
4.6000000000000005;-0.3249999999999994;0.9404118502020001;1.1102230246251565e-16 
4.800000000000001;-0.3249999999999994;0.939419234325;0.0 
5.0;-0.3249999999999994;0.9507989303999999;0.0 
5.2;-0.3249999999999994;0.97608;0.0 
5.4;-0.3249999999999994;0.9770900000000001;1.1102230246251565e-16 
5.6000000000000005;-0.3249999999999994;0.9791040000000001;0.0 
5.800000000000001;-0.3249999999999994;0.9860240000000001;1.1102230246251565e-16 
0.0;-0.2999999999999994;0.1367896679664293;0.0 
0.2;-0.2999999999999994;0.14607722516985455;0.0 
0.4;-0.2999999999999994;0.19559438546091137;0.0 
0.6000000000000001;-0.2999999999999994;0.24619222009136915;0.0 
0.8;-0.2999999999999994;0.2721463432199338;0.0 
1.0;-0.2999999999999994;0.3253325257233974;0.0 
1.2000000000000002;-0.2999999999999994;0.38617545324789754;0.0 
1.4000000000000001;-0.2999999999999994;0.42081207917332025;5.551115123125783e-17 
1.6;-0.2999999999999994;0.47361089602520307;5.551115123125783e-17 
1.8;-0.2999999999999994;0.49430071488028016;5.551115123125783e-17 
2.0;-0.2999999999999994;0.5497720678581343;0.0 
2.2;-0.2999999999999994;0.5925892291760334;0.0 
2.4000000000000004;-0.2999999999999994;0.64439481877166;0.0 
2.6;-0.2999999999999994;0.7025045535979516;0.0 
2.8000000000000003;-0.2999999999999994;0.7359453519977798;0.0 
3.0;-0.2999999999999994;0.7605743983461459;0.0 
3.2;-0.2999999999999994;0.813200811737968;0.0 
3.4000000000000004;-0.2999999999999994;0.8414185671739698;1.1102230246251565e-16 
3.6;-0.2999999999999994;0.8754418486085227;0.0 
3.8000000000000003;-0.2999999999999994;0.8775744961462845;0.0 
4.0;-0.2999999999999994;0.8938205412780225;0.0 
4.2;-0.2999999999999994;0.9123405599161881;1.1102230246251565e-16 
4.4;-0.2999999999999994;0.9422360123219999;0.0 
4.6000000000000005;-0.2999999999999994;0.9498972384;0.0 
4.800000000000001;-0.2999999999999994;0.9643916699999998;1.1102230246251565e-16 
5.0;-0.2999999999999994;0.9663786;0.0 
5.2;-0.2999999999999994;0.9692892000000001;0.0 
5.4;-0.2999999999999994;0.9879999999999999;1.1102230246251565e-16 
5.6000000000000005;-0.2999999999999994;0.9870119999999998;1.1102230246251565e-16 
5.800000000000001;-0.2999999999999994;0.9869999999999999;1.1102230246251565e-16 
0.0;-0.27499999999999936;0.14859204838790058;0.0 
0.2;-0.27499999999999936;0.18042973958368866;0.0 
0.4;-0.27499999999999936;0.21408033663910855;2.7755575615628914e-17 
0.6000000000000001;-0.27499999999999936;0.266755471167149;0.0 
0.8;-0.27499999999999936;0.29584979706260356;0.0 
1.0;-0.27499999999999936;0.3648836244852264;0.0 
1.2000000000000002;-0.27499999999999936;0.3929410855389038;0.0 
1.4000000000000001;-0.27499999999999936;0.46129433065825554;0.0 
1.6;-0.27499999999999936;0.5215983329466964;0.0 
1.8;-0.27499999999999936;0.5287296432519202;0.0 
2.0;-0.27499999999999936;0.5947068262589107;0.0 
2.2;-0.27499999999999936;0.6525068066180737;0.0 
2.4000000000000004;-0.27499999999999936;0.6821707071595877;0.0 
2.6;-0.27499999999999936;0.7234212458892981;0.0 
2.8000000000000003;-0.27499999999999936;0.7454442598050002;0.0 
3.0;-0.27499999999999936;0.7945671402066092;0.0 
3.2;-0.27499999999999936;0.8295153579147863;1.1102230246251565e-16 
3.4000000000000004;-0.27499999999999936;0.8531047030089157;0.0 
3.6;-0.27499999999999936;0.889588632067736;0.0 
3.8000000000000003;-0.27499999999999936;0.9014581860124202;0.0 
4.0;-0.27499999999999936;0.9206648791887886;0.0 
4.2;-0.27499999999999936;0.9413608026239999;0.0 
4.4;-0.27499999999999936;0.9566707095;0.0 
4.6000000000000005;-0.27499999999999936;0.9614957418;1.1102230246251565e-16 
4.800000000000001;-0.27499999999999936;0.9614781000000001;1.1102230246251565e-16 
5.0;-0.27499999999999936;0.9761726700000001;0.0 
5.2;-0.27499999999999936;0.983052;0.0 
5.4;-0.27499999999999936;0.986;0.0 
5.6000000000000005;-0.27499999999999936;0.97909;0.0 
5.800000000000001;-0.27499999999999936;0.9970000000000001;1.1102230246251565e-16 
0.0;-0.24999999999999933;0.16716865264729847;0.0 
0.2;-0.24999999999999933;0.19982197202360602;0.0 
0.4;-0.24999999999999933;0.2478026646348963;0.0 
0.6000000000000001;-0.24999999999999933;0.2901701309714823;0.0 
0.8;-0.24999999999999933;0.32534071267800135;0.0 
1.0;-0.24999999999999933;0.38158994748557373;0.0 
1.2000000000000002;-0.24999999999999933;0.4266817142793774;0.0 
1.4000000000000001;-0.24999999999999933;0.4774951145605078;0.0 
1.6;-0.24999999999999933;0.5271601008851515;0.0 
1.8;-0.24999999999999933;0.5694735739301064;0.0 
2.0;-0.24999999999999933;0.6193175325755693;0.0 
2.2;-0.24999999999999933;0.6583919173472575;0.0 
2.4000000000000004;-0.24999999999999933;0.7119778950031478;0.0 
2.6;-0.24999999999999933;0.7586134557452342;0.0 
2.8000000000000003;-0.24999999999999933;0.7874443244061917;0.0 
3.0;-0.24999999999999933;0.8398425748720587;1.1102230246251565e-16 
3.2;-0.24999999999999933;0.8674362584805447;0.0 
3.4000000000000004;-0.24999999999999933;0.8754961115330231;0.0 
3.6;-0.24999999999999933;0.914177225068371;0.0 
3.8000000000000003;-0.24999999999999933;0.914177225068371;0.0 
4.0;-0.24999999999999933;0.9385887554108997;1.1102230246251565e-16 
4.2;-0.24999999999999933;0.9422573588999998;1.1102230246251565e-16 
4.4;-0.24999999999999933;0.9566560079999998;1.1102230246251565e-16 
4.6000000000000005;-0.24999999999999933;0.9692892000000001;0.0 
4.800000000000001;-0.24999999999999933;0.9761279999999999;0.0 
5.0;-0.24999999999999933;0.976135;0.0 
5.2;-0.24999999999999933;0.9830599999999998;1.1102230246251565e-16 
5.4;-0.24999999999999933;0.9870119999999998;1.1102230246251565e-16 
5.6000000000000005;-0.24999999999999933;0.9960000000000001;1.1102230246251565e-16 
5.800000000000001;-0.24999999999999933;0.998;0.0 
0.0;-0.2249999999999993;0.18783613536967564;0.0 
0.2;-0.2249999999999993;0.23420699459463035;0.0 
0.4;-0.2249999999999993;0.2768962233651711;0.0 
0.6000000000000001;-0.2249999999999993;0.3204245480669307;0.0 
0.8;-0.2249999999999993;0.376075985986736;0.0 
1.0;-0.2249999999999993;0.42413553912950286;0.0 
1.2000000000000002;-0.2249999999999993;0.4924918133379476;5.551115123125783e-17 
1.4000000000000001;-0.2249999999999993;0.5197988562331516;0.0 
1.6;-0.2249999999999993;0.5696705234357574;0.0 
1.8;-0.2249999999999993;0.627507807521241;0.0 
2.0;-0.2249999999999993;0.6665966409400453;0.0 
2.2;-0.2249999999999993;0.7188205303458717;0.0 
2.4000000000000004;-0.2249999999999993;0.7611024828741655;0.0 
2.6;-0.2249999999999993;0.7742545909133912;0.0 
2.8000000000000003;-0.2249999999999993;0.789686694350163;0.0 
3.0;-0.2249999999999993;0.8595247240883677;0.0 
3.2;-0.2249999999999993;0.8771081040679329;1.1102230246251565e-16 
3.4000000000000004;-0.2249999999999993;0.892217788067206;1.1102230246251565e-16 
3.6;-0.2249999999999993;0.9271422933557399;0.0 
3.8000000000000003;-0.2249999999999993;0.936677169351;0.0 
4.0;-0.2249999999999993;0.9480985588799999;0.0 
4.2;-0.2249999999999993;0.9594763199999999;0.0 
4.4;-0.2249999999999993;0.97318584;0.0 
4.6000000000000005;-0.2249999999999993;0.9741600000000001;0.0 
4.800000000000001;-0.2249999999999993;0.9830159999999999;1.1102230246251565e-16 
5.0;-0.2249999999999993;0.9949999999999999;1.1102230246251565e-16 
5.2;-0.2249999999999993;0.994;0.0 
5.4;-0.2249999999999993;0.993;0.0 
5.6000000000000005;-0.2249999999999993;0.9970000000000001;1.1102230246251565e-16 
5.800000000000001;-0.2249999999999993;0.9970000000000001;1.1102230246251565e-16 
0.0;-0.1999999999999993;0.2379575172153494;0.0 
0.2;-0.1999999999999993;0.2634638166715231;0.0 
0.4;-0.1999999999999993;0.31732096878149585;0.0 
0.6000000000000001;-0.1999999999999993;0.3515264581087272;0.0 
0.8;-0.1999999999999993;0.42476299131634876;5.551115123125783e-17 
1.0;-0.1999999999999993;0.4614310637425964;5.551115123125783e-17 
1.2000000000000002;-0.1999999999999993;0.5172025552137838;0.0 
1.4000000000000001;-0.1999999999999993;0.5699325307111586;0.0 
1.6;-0.1999999999999993;0.6261744753298666;0.0 
1.8;-0.1999999999999993;0.6867854367858127;0.0 
2.0;-0.1999999999999993;0.713655660467359;0.0 
2.2;-0.1999999999999993;0.7508290351909933;0.0 
2.4000000000000004;-0.1999999999999993;0.8056876586096706;0.0 
2.6;-0.1999999999999993;0.8236504022815219;1.1102230246251565e-16 
2.8000000000000003;-0.1999999999999993;0.8570088235939008;0.0 
3.0;-0.1999999999999993;0.8806536951915904;0.0 
3.2;-0.1999999999999993;0.9105996005006471;1.1102230246251565e-16 
3.4000000000000004;-0.1999999999999993;0.9160240477452767;0.0 
3.6;-0.1999999999999993;0.9244336527565424;0.0 
3.8000000000000003;-0.1999999999999993;0.9557386344000001;0.0 
4.0;-0.1999999999999993;0.9625130855999998;1.1102230246251565e-16 
4.2;-0.1999999999999993;0.9722354400000001;0.0 
4.4;-0.1999999999999993;0.9761279999999999;0.0 
4.6000000000000005;-0.1999999999999993;0.9860330000000002;1.1102230246251565e-16 
4.800000000000001;-0.1999999999999993;0.9960000000000001;1.1102230246251565e-16 
5.0;-0.1999999999999993;0.99;0.0 
5.2;-0.1999999999999993;0.998;0.0 
5.4;-0.1999999999999993;0.994;0.0 
5.6000000000000005;-0.1999999999999993;1.0;0.0 
5.800000000000001;-0.1999999999999993;0.999;0.0 
0.0;-0.17499999999999927;0.2768204953607015;0.0 
0.2;-0.17499999999999927;0.3307634296984634;0.0 
0.4;-0.17499999999999927;0.36930856453856287;0.0 
0.6000000000000001;-0.17499999999999927;0.4314072332615312;0.0 
0.8;-0.17499999999999927;0.48503834953293345;5.551115123125783e-17 
1.0;-0.17499999999999927;0.5324308612593235;0.0 
1.2000000000000002;-0.17499999999999927;0.580879807965746;0.0 
1.4000000000000001;-0.17499999999999927;0.6146801863804284;0.0 
1.6;-0.17499999999999927;0.6579748617681836;0.0 
1.8;-0.17499999999999927;0.71382344124865;0.0 
2.0;-0.17499999999999927;0.7503193417605046;0.0 
2.2;-0.17499999999999927;0.8029723597776492;1.1102230246251565e-16 
2.4000000000000004;-0.17499999999999927;0.8406651400330112;1.1102230246251565e-16 
2.6;-0.17499999999999927;0.8639761401644579;0.0 
2.8000000000000003;-0.17499999999999927;0.8905567282657971;0.0 
3.0;-0.17499999999999927;0.9105205161680974;1.1102230246251565e-16 
3.2;-0.17499999999999927;0.9384557274179999;0.0 
3.4000000000000004;-0.17499999999999927;0.93664450908666;0.0 
3.6;-0.17499999999999927;0.954827582445;0.0 
3.8000000000000003;-0.17499999999999927;0.9624895631999999;1.1102230246251565e-16 
4.0;-0.17499999999999927;0.985044;0.0 
4.2;-0.17499999999999927;0.9870300000000001;1.1102230246251565e-16 
4.4;-0.17499999999999927;0.9890000000000001;1.1102230246251565e-16 
4.6000000000000005;-0.17499999999999927;0.993;0.0 
4.800000000000001;-0.17499999999999927;0.993;0.0 
5.0;-0.17499999999999927;0.9960000000000001;1.1102230246251565e-16 
5.2;-0.17499999999999927;0.9960000000000001;1.1102230246251565e-16 
5.4;-0.17499999999999927;0.998;0.0 
5.6000000000000005;-0.17499999999999927;0.999;0.0 
5.800000000000001;-0.17499999999999927;0.998;0.0 
0.0;-0.14999999999999925;0.3233896467422749;0.0 
0.2;-0.14999999999999925;0.36260428661645555;0.0 
0.4;-0.14999999999999925;0.4237049002066774;0.0 
0.6000000000000001;-0.14999999999999925;0.4789316414597874;0.0 
0.8;-0.14999999999999925;0.5385174859631097;0.0 
1.0;-0.14999999999999925;0.5810956989538669;0.0 
1.2000000000000002;-0.14999999999999925;0.6350312482766615;0.0 
1.4000000000000001;-0.14999999999999925;0.6844647329157082;0.0 
1.6;-0.14999999999999925;0.706864736561948;0.0 
1.8;-0.14999999999999925;0.7649138758779392;0.0 
2.0;-0.14999999999999925;0.8255378710251001;0.0 
2.2;-0.14999999999999925;0.8316211564217992;0.0 
2.4000000000000004;-0.14999999999999925;0.856775402580341;1.1102230246251565e-16 
2.6;-0.14999999999999925;0.908669566194375;0.0 
2.8000000000000003;-0.14999999999999925;0.9151441251818058;0.0 
3.0;-0.14999999999999925;0.9291038304081601;0.0 
3.2;-0.14999999999999925;0.94423676886;0.0 
3.4000000000000004;-0.14999999999999925;0.9614781000000001;1.1102230246251565e-16 
3.6;-0.14999999999999925;0.9732115800000001;0.0 
3.8000000000000003;-0.14999999999999925;0.9820650000000001;1.1102230246251565e-16 
4.0;-0.14999999999999925;0.9781169999999999;1.1102230246251565e-16 
4.2;-0.14999999999999925;0.9860330000000002;1.1102230246251565e-16 
4.4;-0.14999999999999925;0.994;0.0 
4.6000000000000005;-0.14999999999999925;0.9960000000000001;1.1102230246251565e-16 
4.800000000000001;-0.14999999999999925;1.0;0.0 
5.0;-0.14999999999999925;0.999;0.0 
5.2;-0.14999999999999925;0.998;0.0 
5.4;-0.14999999999999925;1.0;0.0 
5.6000000000000005;-0.14999999999999925;0.998;0.0 
5.800000000000001;-0.14999999999999925;1.0;0.0 
0.0;-0.12499999999999922;0.38523726610248793;0.0 
0.2;-0.12499999999999922;0.44579129593825967;0.0 
0.4;-0.12499999999999922;0.509186041957277;0.0 
0.6000000000000001;-0.12499999999999922;0.5499257327221554;0.0 
0.8;-0.12499999999999922;0.5941456566936143;0.0 
1.0;-0.12499999999999922;0.6482363301111514;0.0 
1.2000000000000002;-0.12499999999999922;0.7220685291499316;0.0 
1.4000000000000001;-0.12499999999999922;0.7561379827387453;0.0 
1.6;-0.12499999999999922;0.7746672204570347;0.0 
1.8;-0.12499999999999922;0.8387372529370287;0.0 
2.0;-0.12499999999999922;0.8544741445100282;1.1102230246251565e-16 
2.2;-0.12499999999999922;0.8940725001956051;1.1102230246251565e-16 
2.4000000000000004;-0.12499999999999922;0.9004347782604183;0.0 
2.6;-0.12499999999999922;0.9301224752350443;1.1102230246251565e-16 
2.8000000000000003;-0.12499999999999922;0.93478095282726;0.0 
3.0;-0.12499999999999922;0.9566207244000001;1.1102230246251565e-16 
3.2;-0.12499999999999922;0.9692991;0.0 
3.4000000000000004;-0.12499999999999922;0.9702742499999999;0.0 
3.6;-0.12499999999999922;0.9870300000000001;1.1102230246251565e-16 
3.8000000000000003;-0.12499999999999922;0.986013;0.0 
4.0;-0.12499999999999922;0.993;0.0 
4.2;-0.12499999999999922;0.993;0.0 
4.4;-0.12499999999999922;0.9949999999999999;1.1102230246251565e-16 
4.6000000000000005;-0.12499999999999922;0.999;0.0 
4.800000000000001;-0.12499999999999922;0.998;0.0 
5.0;-0.12499999999999922;0.9970000000000001;1.1102230246251565e-16 
5.2;-0.12499999999999922;0.999;0.0 
5.4;-0.12499999999999922;1.0;0.0 
5.6000000000000005;-0.12499999999999922;1.0;0.0 
5.800000000000001;-0.12499999999999922;1.0;0.0 
0.0;-0.0999999999999992;0.49808616065257116;5.551115123125783e-17 
0.2;-0.0999999999999992;0.5254627231506619;0.0 
0.4;-0.0999999999999992;0.5894606205364952;0.0 
0.6000000000000001;-0.0999999999999992;0.6429763019710499;0.0 
0.8;-0.0999999999999992;0.6850068219271402;0.0 
1.0;-0.0999999999999992;0.7429930915341735;0.0 
1.2000000000000002;-0.0999999999999992;0.7554328428522021;0.0 
1.4000000000000001;-0.0999999999999992;0.8081934988300026;1.1102230246251565e-16 
1.6;-0.0999999999999992;0.8631669601066921;1.1102230246251565e-16 
1.8;-0.0999999999999992;0.8868259344526187;1.1102230246251565e-16 
2.0;-0.0999999999999992;0.9042003222659625;1.1102230246251565e-16 
2.2;-0.0999999999999992;0.9253133185527;1.1102230246251565e-16 
2.4000000000000004;-0.0999999999999992;0.9337713664207501;1.1102230246251565e-16 
2.6;-0.0999999999999992;0.9451673502875998;1.1102230246251565e-16 
2.8000000000000003;-0.0999999999999992;0.9585249299999999;0.0 
3.0;-0.0999999999999992;0.978112;0.0 
3.2;-0.0999999999999992;0.99;0.0 
3.4000000000000004;-0.0999999999999992;0.98505;0.0 
3.6;-0.0999999999999992;0.999;0.0 
3.8000000000000003;-0.0999999999999992;0.988011;0.0 
4.0;-0.0999999999999992;0.991;0.0 
4.2;-0.0999999999999992;0.998;0.0 
4.4;-0.0999999999999992;0.9970000000000001;1.1102230246251565e-16 
4.6000000000000005;-0.0999999999999992;1.0;0.0 
4.800000000000001;-0.0999999999999992;0.999;0.0 
5.0;-0.0999999999999992;0.999;0.0 
5.2;-0.0999999999999992;1.0;0.0 
5.4;-0.0999999999999992;1.0;0.0 
5.6000000000000005;-0.0999999999999992;1.0;0.0 
5.800000000000001;-0.0999999999999992;1.0;0.0 
0.0;-0.07499999999999918;0.5631395740258957;0.0 
0.2;-0.07499999999999918;0.616241044902282;0.0 
0.4;-0.07499999999999918;0.6762679596286671;0.0 
0.6000000000000001;-0.07499999999999918;0.7289364654781214;0.0 
0.8;-0.07499999999999918;0.7697878366445106;0.0 
1.0;-0.07499999999999918;0.7998741671170083;0.0 
1.2000000000000002;-0.07499999999999918;0.841672534167414;0.0 
1.4000000000000001;-0.07499999999999918;0.8754418486085227;0.0 
1.6;-0.07499999999999918;0.9059926839299879;1.1102230246251565e-16 
1.8;-0.07499999999999918;0.9225792221592375;0.0 
2.0;-0.07499999999999918;0.9309942833558399;0.0 
2.2;-0.07499999999999918;0.9527081652;1.1102230246251565e-16 
2.4000000000000004;-0.07499999999999918;0.9722354400000001;0.0 
2.6;-0.07499999999999918;0.9712593;0.0 
2.8000000000000003;-0.07499999999999918;0.980084;0.0 
3.0;-0.07499999999999918;0.9890000000000001;1.1102230246251565e-16 
3.2;-0.07499999999999918;0.993;0.0 
3.4000000000000004;-0.07499999999999918;0.9949999999999999;1.1102230246251565e-16 
3.6;-0.07499999999999918;0.9949999999999999;1.1102230246251565e-16 
3.8000000000000003;-0.07499999999999918;0.9949999999999999;1.1102230246251565e-16 
4.0;-0.07499999999999918;0.9970000000000001;1.1102230246251565e-16 
4.2;-0.07499999999999918;1.0;0.0 
4.4;-0.07499999999999918;0.999;0.0 
4.6000000000000005;-0.07499999999999918;0.998;0.0 
4.800000000000001;-0.07499999999999918;0.999;0.0 
5.0;-0.07499999999999918;1.0;0.0 
5.2;-0.07499999999999918;1.0;0.0 
5.4;-0.07499999999999918;1.0;0.0 
5.6000000000000005;-0.07499999999999918;1.0;0.0 
5.800000000000001;-0.07499999999999918;1.0;0.0 
0.0;-0.049999999999999156;0.6613950605414043;0.0 
0.2;-0.049999999999999156;0.7178303703038369;0.0 
0.4;-0.049999999999999156;0.7650231966132198;0.0 
0.6000000000000001;-0.049999999999999156;0.7994068633320336;0.0 
0.8;-0.049999999999999156;0.8398929215327721;0.0 
1.0;-0.049999999999999156;0.8694217931509435;0.0 
1.2000000000000002;-0.049999999999999156;0.8852511968120019;1.1102230246251565e-16 
1.4000000000000001;-0.049999999999999156;0.905802759139449;0.0 
1.6;-0.049999999999999156;0.9422360123219999;0.0 
1.8;-0.049999999999999156;0.9518280353999999;0.0 
2.0;-0.049999999999999156;0.9557580991859999;0.0 
2.2;-0.049999999999999156;0.9644025599999999;0.0 
2.4000000000000004;-0.049999999999999156;0.9810839999999998;1.1102230246251565e-16 
2.6;-0.049999999999999156;0.9860240000000001;1.1102230246251565e-16 
2.8000000000000003;-0.049999999999999156;0.9890000000000001;1.1102230246251565e-16 
3.0;-0.049999999999999156;0.9970000000000001;1.1102230246251565e-16 
3.2;-0.049999999999999156;0.992;0.0 
3.4000000000000004;-0.049999999999999156;0.992;0.0 
3.6;-0.049999999999999156;0.998;0.0 
3.8000000000000003;-0.049999999999999156;0.999;0.0 
4.0;-0.049999999999999156;0.999;0.0 
4.2;-0.049999999999999156;1.0;0.0 
4.4;-0.049999999999999156;1.0;0.0 
4.6000000000000005;-0.049999999999999156;1.0;0.0 
4.800000000000001;-0.049999999999999156;0.999;0.0 
5.0;-0.049999999999999156;1.0;0.0 
5.2;-0.049999999999999156;1.0;0.0 
5.4;-0.049999999999999156;1.0;0.0 
5.6000000000000005;-0.049999999999999156;1.0;0.0 
5.800000000000001;-0.049999999999999156;1.0;0.0 
0.0;-0.024999999999999134;0.7590200815401145;0.0 
0.2;-0.024999999999999134;0.7986647192857146;0.0 
0.4;-0.024999999999999134;0.835588680914962;1.1102230246251565e-16 
0.6000000000000001;-0.024999999999999134;0.8825901210700822;0.0 
0.8;-0.024999999999999134;0.889525885428515;1.1102230246251565e-16 
1.0;-0.024999999999999134;0.9151676621855407;0.0 
1.2000000000000002;-0.024999999999999134;0.9281355496300799;0.0 
1.4000000000000001;-0.024999999999999134;0.9509279507639998;1.1102230246251565e-16 
1.6;-0.024999999999999134;0.9673190999999999;1.1102230246251565e-16 
1.8;-0.024999999999999134;0.9731620000000001;0.0 
2.0;-0.024999999999999134;0.9790979999999999;0.0 
2.2;-0.024999999999999134;0.99;0.0 
2.4000000000000004;-0.024999999999999134;0.9879999999999999;1.1102230246251565e-16 
2.6;-0.024999999999999134;0.994;0.0 
2.8000000000000003;-0.024999999999999134;0.993;0.0 
3.0;-0.024999999999999134;0.998;0.0 
3.2;-0.024999999999999134;0.998;0.0 
3.4000000000000004;-0.024999999999999134;1.0;0.0 
3.6;-0.024999999999999134;1.0;0.0 
3.8000000000000003;-0.024999999999999134;1.0;0.0 
4.0;-0.024999999999999134;1.0;0.0 
4.2;-0.024999999999999134;1.0;0.0 
4.4;-0.024999999999999134;0.999;0.0 
4.6000000000000005;-0.024999999999999134;1.0;0.0 
4.800000000000001;-0.024999999999999134;1.0;0.0 
5.0;-0.024999999999999134;1.0;0.0 
5.2;-0.024999999999999134;0.999;0.0 
5.4;-0.024999999999999134;1.0;0.0 
5.6000000000000005;-0.024999999999999134;1.0;0.0 
5.800000000000001;-0.024999999999999134;1.0;0.0 
