Nb_runs: 10 
N_traj: 1000 
n_disc: 10 
T_max: 10 
dt: 0.01 
mu: 0.03 
noise_factor: 0.1 
3.0;-1.0;0.0000000082;0.0000000219
3.2;-1.0;0.0000000919;0.0000002757
3.4;-1.0;0.0000000377;0.0000000746
3.6;-1.0;0.0000017527;0.0000050234
3.8;-1.0;0.0000020167;0.0000047783
4.0;-1.0;0.0000029840;0.0000086622
4.2;-1.0;0.0000073757;0.0000107638
4.4;-1.0;0.0000124801;0.0000131006
4.6;-1.0;0.0000146295;0.0000399137
4.8;-1.0;0.0000330681;0.0000342034
5.0;-1.0;0.0000562674;0.0000286187
5.2;-1.0;0.0000826742;0.0000732933
5.4;-1.0;0.0001484755;0.0001368517
5.6;-1.0;0.0003334679;0.0003570544
5.8;-1.0;0.0005678522;0.0005490024
6.0;-1.0;0.0009726204;0.0004952676
6.2;-1.0;0.0015328567;0.0007445662
6.4;-1.0;0.0024493470;0.0006217403
6.6;-1.0;0.0033606837;0.0016184943
6.8;-1.0;0.0060875323;0.0014464929
7.0;-1.0;0.0088817636;0.0027645189
7.2;-1.0;0.0134603064;0.0032922313
7.4;-1.0;0.0165271220;0.0024058672
7.6;-1.0;0.0242677763;0.0041843658
7.8;-1.0;0.0353536799;0.0071742434
8.0;-1.0;0.0474907386;0.0054384716
8.2;-1.0;0.0637498019;0.0087786759
8.4;-1.0;0.0857033167;0.0086117254
8.6;-1.0;0.1096555931;0.0141656938
8.8;-1.0;0.1385843612;0.0106818710
9.0;-1.0;0.1684843569;0.0148392753
9.2;-1.0;0.2167502331;0.0175441406
9.4;-1.0;0.2548928665;0.0116655965
9.6;-1.0;0.3083853757;0.0161763478
9.8;-1.0;0.3614511155;0.0198365023
10.0;-1.0;0.4227569021;0.0103362986
10.2;-1.0;0.4853920040;0.0188613337
10.4;-1.0;0.5461555357;0.0185728955
10.6;-1.0;0.6014639977;0.0123710379
10.8;-1.0;0.6588942490;0.0156588076
3.0;-1.0;0.0000000000;0.0000000000
3.2;-1.0;0.0000001696;0.0000003843
3.4;-1.0;0.0000000256;0.0000000769
3.6;-1.0;0.0000000809;0.0000001960
3.8;-1.0;0.0000008164;0.0000023640
4.0;-1.0;0.0000018478;0.0000052750
4.2;-1.0;0.0000006761;0.0000009406
4.4;-1.0;0.0000053264;0.0000084673
4.6;-1.0;0.0000637710;0.0001388042
4.8;-1.0;0.0001081361;0.0002100081
5.0;-1.0;0.0000365845;0.0000516977
5.2;-1.0;0.0000935900;0.0001499524
5.4;-1.0;0.0003002807;0.0001703460
5.6;-1.0;0.0004488734;0.0002762258
5.8;-1.0;0.0005138800;0.0002670737
6.0;-1.0;0.0008180623;0.0005976703
6.2;-1.0;0.0012405269;0.0006017297
6.4;-1.0;0.0025975034;0.0010571595
6.6;-1.0;0.0040167408;0.0010878103
6.8;-1.0;0.0061248925;0.0023662128
7.0;-1.0;0.0077835754;0.0023560690
7.2;-1.0;0.0131543222;0.0022656372
7.4;-1.0;0.0191197716;0.0027150321
7.6;-1.0;0.0231145819;0.0041454519
7.8;-1.0;0.0334113200;0.0069254542
8.0;-1.0;0.0456004699;0.0052143153
8.2;-1.0;0.0606101930;0.0078524978
8.4;-1.0;0.0876364044;0.0116026840
8.6;-1.0;0.1063360799;0.0124381809
8.8;-1.0;0.1398617237;0.0186727453
9.0;-1.0;0.1720309078;0.0086535207
9.2;-1.0;0.2104487209;0.0203597446
9.4;-1.0;0.2609753005;0.0184599513
9.6;-1.0;0.3096056887;0.0244495126
9.8;-1.0;0.3690015799;0.0211513697
10.0;-1.0;0.4222483115;0.0161360623
10.2;-1.0;0.4848468575;0.0146503533
10.4;-1.0;0.5460898421;0.0186625781
10.6;-1.0;0.6024415415;0.0151015252
10.8;-1.0;0.6549015328;0.0112912005
3.0;-1.0;0.0000000327;0.0000000980
3.2;-1.0;0.0000000105;0.0000000314
3.4;-1.0;0.0000000233;0.0000000620
3.6;-1.0;0.0000006728;0.0000015777
3.8;-1.0;0.0000000302;0.0000000692
4.0;-1.0;0.0000003471;0.0000007660
4.2;-1.0;0.0000031991;0.0000072266
4.4;-1.0;0.0000108417;0.0000147223
4.6;-1.0;0.0000227385;0.0000322513
4.8;-1.0;0.0000591986;0.0000553195
5.0;-1.0;0.0000376894;0.0000464495
5.2;-1.0;0.0000792714;0.0000608012
5.4;-1.0;0.0001573934;0.0001019288
5.6;-1.0;0.0003682954;0.0002699159
5.8;-1.0;0.0005911661;0.0003866488
6.0;-1.0;0.0010348989;0.0006235040
6.2;-1.0;0.0015160564;0.0007813179
6.4;-1.0;0.0023257908;0.0011817089
6.6;-1.0;0.0037450093;0.0009251803
6.8;-1.0;0.0068825618;0.0015901261
7.0;-1.0;0.0090826250;0.0018206444
7.2;-1.0;0.0125971771;0.0031149982
7.4;-1.0;0.0179896843;0.0047014177
7.6;-1.0;0.0259087923;0.0028243414
7.8;-1.0;0.0343366859;0.0054550799
8.0;-1.0;0.0481279063;0.0054303671
8.2;-1.0;0.0608407369;0.0076578565
8.4;-1.0;0.0813088974;0.0113681771
8.6;-1.0;0.1104431043;0.0123646317
8.8;-1.0;0.1408928641;0.0135484922
9.0;-1.0;0.1742433950;0.0122304408
9.2;-1.0;0.2154964073;0.0162327589
9.4;-1.0;0.2599365706;0.0179854609
9.6;-1.0;0.3145401628;0.0093258993
9.8;-1.0;0.3666141844;0.0185902572
10.0;-1.0;0.4163112122;0.0162817429
10.2;-1.0;0.4865322016;0.0117173577
10.4;-1.0;0.5443411391;0.0130227168
10.6;-1.0;0.6011024746;0.0098940039
10.8;-1.0;0.6589159002;0.0133404948
3.0;-1.0;0.0000000000;0.0000000000
3.2;-1.0;0.0000000000;0.0000000000
3.4;-1.0;0.0000000590;0.0000001338
3.6;-1.0;0.0000009365;0.0000016326
3.8;-1.0;0.0000009067;0.0000025931
4.0;-1.0;0.0000024811;0.0000036999
4.2;-1.0;0.0000022317;0.0000044804
4.4;-1.0;0.0000069851;0.0000067277
4.6;-1.0;0.0000148170;0.0000225234
4.8;-1.0;0.0000238019;0.0000263344
5.0;-1.0;0.0000760925;0.0000917375
5.2;-1.0;0.0000975578;0.0000900900
5.4;-1.0;0.0001803387;0.0001339729
5.6;-1.0;0.0005695951;0.0003283478
5.8;-1.0;0.0006380546;0.0004020192
6.0;-1.0;0.0009137132;0.0003480918
6.2;-1.0;0.0015398850;0.0006543477
6.4;-1.0;0.0029378781;0.0013953204
6.6;-1.0;0.0042861338;0.0016281009
6.8;-1.0;0.0059019214;0.0013998493
7.0;-1.0;0.0087289883;0.0027986296
7.2;-1.0;0.0131062281;0.0036353589
7.4;-1.0;0.0194516483;0.0049276789
7.6;-1.0;0.0249934371;0.0047819805
7.8;-1.0;0.0361906682;0.0028973256
8.0;-1.0;0.0489259924;0.0061085949
8.2;-1.0;0.0645738552;0.0070935201
8.4;-1.0;0.0892671812;0.0122860622
8.6;-1.0;0.1096874915;0.0057879002
8.8;-1.0;0.1420470993;0.0143086287
9.0;-1.0;0.1784711095;0.0140934316
9.2;-1.0;0.2171031825;0.0169704219
9.4;-1.0;0.2586148373;0.0183013066
9.6;-1.0;0.3175375398;0.0191050433
9.8;-1.0;0.3711041601;0.0199593316
10.0;-1.0;0.4234203149;0.0196488836
10.2;-1.0;0.4849174960;0.0139670748
10.4;-1.0;0.5456458380;0.0169767211
10.6;-1.0;0.6040555866;0.0115884805
10.8;-1.0;0.6599395587;0.0147803642
3.0;-1.0;0.0000001264;0.0000003791
3.2;-1.0;0.0000000000;0.0000000000
3.4;-1.0;0.0000000656;0.0000001967
3.6;-1.0;0.0000003795;0.0000010606
3.8;-1.0;0.0000000560;0.0000001242
4.0;-1.0;0.0000019837;0.0000052820
4.2;-1.0;0.0000063502;0.0000163332
4.4;-1.0;0.0000262780;0.0000573459
4.6;-1.0;0.0000087015;0.0000139804
4.8;-1.0;0.0000246574;0.0000271224
5.0;-1.0;0.0000908359;0.0001687235
5.2;-1.0;0.0001037495;0.0001227295
5.4;-1.0;0.0002112243;0.0001193295
5.6;-1.0;0.0003599071;0.0003750181
5.8;-1.0;0.0006303398;0.0002795485
6.0;-1.0;0.0011117143;0.0004949384
6.2;-1.0;0.0015927757;0.0004467060
6.4;-1.0;0.0026803839;0.0010204610
6.6;-1.0;0.0040057242;0.0013725488
6.8;-1.0;0.0051656213;0.0016342049
7.0;-1.0;0.0095940186;0.0031426828
7.2;-1.0;0.0154715819;0.0022448410
7.4;-1.0;0.0193196407;0.0024796263
7.6;-1.0;0.0258166894;0.0047007706
7.8;-1.0;0.0351781976;0.0077014436
8.0;-1.0;0.0478896844;0.0052748875
8.2;-1.0;0.0648531642;0.0068103127
8.4;-1.0;0.0900926051;0.0054383523
8.6;-1.0;0.1107387531;0.0089513342
8.8;-1.0;0.1446616487;0.0096475717
9.0;-1.0;0.1748354829;0.0135132869
9.2;-1.0;0.2104081510;0.0160057765
9.4;-1.0;0.2528350993;0.0179364448
9.6;-1.0;0.3126722376;0.0202500710
9.8;-1.0;0.3745016848;0.0217193067
10.0;-1.0;0.4232724051;0.0139776550
10.2;-1.0;0.4874999811;0.0162489780
10.4;-1.0;0.5525349832;0.0146935091
10.6;-1.0;0.6041504633;0.0102011088
10.8;-1.0;0.6570864654;0.0150191547
3.0;-0.9;0.0000000024;0.0000000071
3.2;-0.9;0.0000006095;0.0000016921
3.4;-0.9;0.0000000071;0.0000000214
3.6;-0.9;0.0000026587;0.0000049592
3.8;-0.9;0.0000030403;0.0000084386
4.0;-0.9;0.0000030622;0.0000059513
4.2;-0.9;0.0000163427;0.0000318232
4.4;-0.9;0.0000031653;0.0000044469
4.6;-0.9;0.0000175488;0.0000184663
4.8;-0.9;0.0000427222;0.0000762049
5.0;-0.9;0.0000596928;0.0000374367
5.2;-0.9;0.0000993184;0.0000907395
5.4;-0.9;0.0002045956;0.0001471045
5.6;-0.9;0.0002516680;0.0001798924
5.8;-0.9;0.0008041686;0.0004808041
6.0;-0.9;0.0012444074;0.0007014748
6.2;-0.9;0.0013930671;0.0007475544
6.4;-0.9;0.0026674920;0.0007982774
6.6;-0.9;0.0036175609;0.0018700086
6.8;-0.9;0.0058441080;0.0015122811
7.0;-0.9;0.0079702666;0.0017444419
7.2;-0.9;0.0120182118;0.0024532172
7.4;-0.9;0.0178445077;0.0036149185
7.6;-0.9;0.0282769991;0.0036209577
7.8;-0.9;0.0361498879;0.0047452947
8.0;-0.9;0.0502230941;0.0066543785
8.2;-0.9;0.0655417363;0.0075971356
8.4;-0.9;0.0829049603;0.0096310317
8.6;-0.9;0.1145171396;0.0096407387
8.8;-0.9;0.1412755958;0.0135527246
9.0;-0.9;0.1771884484;0.0160908929
9.2;-0.9;0.2128056561;0.0146721010
9.4;-0.9;0.2640627444;0.0215735563
9.6;-0.9;0.3109642745;0.0176822344
9.8;-0.9;0.3684316560;0.0143757773
10.0;-0.9;0.4261303429;0.0143432391
10.2;-0.9;0.4877296750;0.0144921703
10.4;-0.9;0.5475630875;0.0113159216
10.6;-0.9;0.6055041739;0.0140721108
10.8;-0.9;0.6612490403;0.0138504621
3.0;-0.9;0.0000004231;0.0000008841
3.2;-0.9;0.0000000000;0.0000000000
3.4;-0.9;0.0000001515;0.0000004544
3.6;-0.9;0.0000008822;0.0000024893
3.8;-0.9;0.0000000601;0.0000001493
4.0;-0.9;0.0000047024;0.0000074426
4.2;-0.9;0.0000010786;0.0000020454
4.4;-0.9;0.0000051693;0.0000074089
4.6;-0.9;0.0000245674;0.0000205796
4.8;-0.9;0.0000365631;0.0000449538
5.0;-0.9;0.0000853365;0.0001324555
5.2;-0.9;0.0001581695;0.0001125813
5.4;-0.9;0.0001903580;0.0001660889
5.6;-0.9;0.0003382968;0.0002281906
5.8;-0.9;0.0007587542;0.0004162085
6.0;-0.9;0.0008892377;0.0004183696
6.2;-0.9;0.0014853214;0.0007466952
6.4;-0.9;0.0023826599;0.0010569014
6.6;-0.9;0.0037467725;0.0013407969
6.8;-0.9;0.0071207466;0.0012310177
7.0;-0.9;0.0087856964;0.0021815642
7.2;-0.9;0.0129773975;0.0027541262
7.4;-0.9;0.0190061776;0.0024956885
7.6;-0.9;0.0252350358;0.0039923281
7.8;-0.9;0.0353775001;0.0053235288
8.0;-0.9;0.0490151819;0.0064959014
8.2;-0.9;0.0658060066;0.0096596833
8.4;-0.9;0.0862790718;0.0116643626
8.6;-0.9;0.1139953674;0.0089478682
8.8;-0.9;0.1399652544;0.0086678247
9.0;-0.9;0.1787766954;0.0156215320
9.2;-0.9;0.2136460776;0.0159316289
9.4;-0.9;0.2698155933;0.0102023243
9.6;-0.9;0.3136515756;0.0156730512
9.8;-0.9;0.3715727602;0.0176553816
10.0;-0.9;0.4246263820;0.0119007218
10.2;-0.9;0.4882039556;0.0119990187
10.4;-0.9;0.5528315185;0.0112616860
10.6;-0.9;0.6029651333;0.0149049718
10.8;-0.9;0.6619830350;0.0172640197
3.0;-0.9;0.0000000156;0.0000000468
3.2;-0.9;0.0000000000;0.0000000000
3.4;-0.9;0.0000001339;0.0000003046
3.6;-0.9;0.0000002447;0.0000006202
3.8;-0.9;0.0000004393;0.0000008258
4.0;-0.9;0.0000088702;0.0000208219
4.2;-0.9;0.0000048293;0.0000064610
4.4;-0.9;0.0000102152;0.0000191800
4.6;-0.9;0.0000162068;0.0000230193
4.8;-0.9;0.0000222188;0.0000264471
5.0;-0.9;0.0000651407;0.0000565041
5.2;-0.9;0.0001548097;0.0001518698
5.4;-0.9;0.0002805200;0.0002056421
5.6;-0.9;0.0002367811;0.0001756165
5.8;-0.9;0.0007147501;0.0005060391
6.0;-0.9;0.0012005467;0.0005844020
6.2;-0.9;0.0015986078;0.0008450979
6.4;-0.9;0.0022138399;0.0008904079
6.6;-0.9;0.0038046921;0.0010062851
6.8;-0.9;0.0059526892;0.0019710320
7.0;-0.9;0.0089904970;0.0033445948
7.2;-0.9;0.0138676618;0.0025242937
7.4;-0.9;0.0179835415;0.0039539369
7.6;-0.9;0.0260747952;0.0029327608
7.8;-0.9;0.0343170303;0.0045831849
8.0;-0.9;0.0514844700;0.0070799431
8.2;-0.9;0.0639509417;0.0045749887
8.4;-0.9;0.0847701204;0.0063013497
8.6;-0.9;0.1115427796;0.0080840052
8.8;-0.9;0.1356907304;0.0128306732
9.0;-0.9;0.1787157410;0.0148977546
9.2;-0.9;0.2225947320;0.0108275407
9.4;-0.9;0.2656583085;0.0092267791
9.6;-0.9;0.3095622249;0.0228963578
9.8;-0.9;0.3659022774;0.0120082332
10.0;-0.9;0.4316737659;0.0191623199
10.2;-0.9;0.4937721951;0.0143913137
10.4;-0.9;0.5475717119;0.0173430490
10.6;-0.9;0.6052899985;0.0129326586
10.8;-0.9;0.6701020444;0.0129023979
3.0;-0.9;0.0000026303;0.0000077697
3.2;-0.9;0.0000000714;0.0000002083
3.4;-0.9;0.0000001094;0.0000002397
3.6;-0.9;0.0000002674;0.0000005217
3.8;-0.9;0.0000000755;0.0000001337
4.0;-0.9;0.0000004271;0.0000008315
4.2;-0.9;0.0000047879;0.0000096744
4.4;-0.9;0.0000068735;0.0000065658
4.6;-0.9;0.0000181724;0.0000235477
4.8;-0.9;0.0000285642;0.0000296955
5.0;-0.9;0.0001114693;0.0000994486
5.2;-0.9;0.0000966410;0.0000994297
5.4;-0.9;0.0002258457;0.0001266579
5.6;-0.9;0.0002353064;0.0001402328
5.8;-0.9;0.0004812007;0.0002115977
6.0;-0.9;0.0009974328;0.0004522305
6.2;-0.9;0.0015746653;0.0004817147
6.4;-0.9;0.0023812918;0.0007306687
6.6;-0.9;0.0039714710;0.0012977774
6.8;-0.9;0.0060098410;0.0024360125
7.0;-0.9;0.0091895078;0.0018510170
7.2;-0.9;0.0138437058;0.0023287040
7.4;-0.9;0.0193790531;0.0018045638
7.6;-0.9;0.0258205363;0.0041628022
7.8;-0.9;0.0372192713;0.0078645638
8.0;-0.9;0.0474489847;0.0086406046
8.2;-0.9;0.0673589212;0.0080324934
8.4;-0.9;0.0856692237;0.0090592391
8.6;-0.9;0.1120708232;0.0118018536
8.8;-0.9;0.1430080348;0.0077451108
9.0;-0.9;0.1807707271;0.0088037428
9.2;-0.9;0.2150138486;0.0164703803
9.4;-0.9;0.2635337552;0.0171960329
9.6;-0.9;0.3183633848;0.0186028818
9.8;-0.9;0.3750781430;0.0176187342
10.0;-0.9;0.4256847900;0.0146055703
10.2;-0.9;0.4906895628;0.0161449786
10.4;-0.9;0.5520216511;0.0106804077
10.6;-0.9;0.6091816296;0.0139685580
10.8;-0.9;0.6679315524;0.0162116839
3.0;-0.9;0.0000000000;0.0000000000
3.2;-0.9;0.0000001810;0.0000004581
3.4;-0.9;0.0000001116;0.0000003327
3.6;-0.9;0.0000005403;0.0000007722
3.8;-0.9;0.0000002160;0.0000004891
4.0;-0.9;0.0000262568;0.0000421642
4.2;-0.9;0.0000016465;0.0000027035
4.4;-0.9;0.0000116573;0.0000147424
4.6;-0.9;0.0000094788;0.0000132266
4.8;-0.9;0.0000480227;0.0000509550
5.0;-0.9;0.0000668447;0.0000725130
5.2;-0.9;0.0001649133;0.0000861548
5.4;-0.9;0.0001285262;0.0000737376
5.6;-0.9;0.0003051312;0.0001414001
5.8;-0.9;0.0006744861;0.0003998266
6.0;-0.9;0.0011711789;0.0004191710
6.2;-0.9;0.0010960169;0.0006139454
6.4;-0.9;0.0029786295;0.0010590103
6.6;-0.9;0.0041484897;0.0019593151
6.8;-0.9;0.0063124491;0.0022566670
7.0;-0.9;0.0095426113;0.0033597942
7.2;-0.9;0.0135184809;0.0030092527
7.4;-0.9;0.0195046868;0.0026402059
7.6;-0.9;0.0238711320;0.0048551248
7.8;-0.9;0.0333212065;0.0031336578
8.0;-0.9;0.0472547735;0.0081331353
8.2;-0.9;0.0654880512;0.0084480010
8.4;-0.9;0.0851634026;0.0053994389
8.6;-0.9;0.1145680618;0.0118105651
8.8;-0.9;0.1378792582;0.0096573101
9.0;-0.9;0.1780798314;0.0126103938
9.2;-0.9;0.2165468262;0.0193470556
9.4;-0.9;0.2668487885;0.0121341323
9.6;-0.9;0.3201958450;0.0203667824
9.8;-0.9;0.3758427729;0.0245717157
10.0;-0.9;0.4329633260;0.0177222194
10.2;-0.9;0.4920822418;0.0140893334
10.4;-0.9;0.5556118864;0.0135624150
10.6;-0.9;0.6070394395;0.0148507082
10.8;-0.9;0.6691435534;0.0135378603
3.0;-0.9;0.0000000000;0.0000000000
3.2;-0.9;0.0000001452;0.0000004357
3.4;-0.9;0.0000018003;0.0000051578
3.6;-0.9;0.0000002698;0.0000005764
3.8;-0.9;0.0000008850;0.0000020199
4.0;-0.9;0.0000052884;0.0000135900
4.2;-0.9;0.0000114583;0.0000212690
4.4;-0.9;0.0000053291;0.0000069715
4.6;-0.9;0.0000101813;0.0000112460
4.8;-0.9;0.0000242243;0.0000331891
5.0;-0.9;0.0000521267;0.0000617487
5.2;-0.9;0.0001163712;0.0001256251
5.4;-0.9;0.0002410387;0.0001506466
5.6;-0.9;0.0004223510;0.0001951810
5.8;-0.9;0.0004437377;0.0001468147
6.0;-0.9;0.0009767360;0.0004283940
6.2;-0.9;0.0017689995;0.0005929132
6.4;-0.9;0.0025194362;0.0008684760
6.6;-0.9;0.0044627621;0.0014159554
6.8;-0.9;0.0057656432;0.0015461999
7.0;-0.9;0.0092835603;0.0040022262
7.2;-0.9;0.0131389519;0.0034470260
7.4;-0.9;0.0203910178;0.0049951688
7.6;-0.9;0.0284187703;0.0051453561
7.8;-0.9;0.0333273013;0.0040046996
8.0;-0.9;0.0464807924;0.0059465306
8.2;-0.9;0.0665964782;0.0045399013
8.4;-0.9;0.0870324365;0.0110586735
8.6;-0.9;0.1151073690;0.0115465909
8.8;-0.9;0.1444753475;0.0111394057
9.0;-0.9;0.1759199411;0.0127219041
9.2;-0.9;0.2155177098;0.0164014275
9.4;-0.9;0.2702780783;0.0140763001
9.6;-0.9;0.3217167738;0.0173041684
9.8;-0.9;0.3711468868;0.0207371463
10.0;-0.9;0.4342861016;0.0188606234
10.2;-0.9;0.4966626853;0.0162876583
10.4;-0.9;0.5608953945;0.0202405155
10.6;-0.9;0.6083153061;0.0141640002
10.8;-0.9;0.6716721422;0.0175286850
3.0;-0.9;0.0000000123;0.0000000334
3.2;-0.9;0.0000000000;0.0000000000
3.4;-0.9;0.0000000038;0.0000000077
3.6;-0.9;0.0000000071;0.0000000214
3.8;-0.9;0.0000004111;0.0000012332
4.0;-0.9;0.0000013599;0.0000027949
4.2;-0.9;0.0000023266;0.0000033731
4.4;-0.9;0.0000117488;0.0000173223
4.6;-0.9;0.0000220102;0.0000371286
4.8;-0.9;0.0000505602;0.0000397655
5.0;-0.9;0.0000339046;0.0000542728
5.2;-0.9;0.0000936487;0.0000781604
5.4;-0.9;0.0001748884;0.0001414363
5.6;-0.9;0.0004468971;0.0003566114
5.8;-0.9;0.0003962161;0.0002468419
6.0;-0.9;0.0007907603;0.0004859228
6.2;-0.9;0.0013180564;0.0005249144
6.4;-0.9;0.0024046668;0.0008559270
6.6;-0.9;0.0045729235;0.0012223626
6.8;-0.9;0.0051154770;0.0013943857
7.0;-0.9;0.0088468041;0.0024098701
7.2;-0.9;0.0145888424;0.0023562610
7.4;-0.9;0.0192759890;0.0031745778
7.6;-0.9;0.0258772510;0.0049852209
7.8;-0.9;0.0363763081;0.0054873335
8.0;-0.9;0.0508041654;0.0047625694
8.2;-0.9;0.0672446668;0.0074118584
8.4;-0.9;0.0841693812;0.0070800422
8.6;-0.9;0.1125957673;0.0137407006
8.8;-0.9;0.1394600749;0.0140330006
9.0;-0.9;0.1820223535;0.0114702467
9.2;-0.9;0.2176458199;0.0143367420
9.4;-0.9;0.2671264794;0.0156129506
9.6;-0.9;0.3230911416;0.0139139823
9.8;-0.9;0.3774101041;0.0190226003
10.0;-0.9;0.4288355266;0.0134245745
10.2;-0.9;0.4931817594;0.0119958153
10.4;-0.9;0.5509589890;0.0175882608
10.6;-0.9;0.6148020014;0.0112214496
10.8;-0.9;0.6716374936;0.0163349110
3.0;-0.9;0.0000000010;0.0000000031
3.2;-0.9;0.0000000000;0.0000000000
3.4;-0.9;0.0000000492;0.0000001476
3.6;-0.9;0.0000002900;0.0000008700
3.8;-0.9;0.0000004254;0.0000012129
4.0;-0.9;0.0000000645;0.0000001814
4.2;-0.9;0.0000008214;0.0000013543
4.4;-0.9;0.0000038774;0.0000067260
4.6;-0.9;0.0000078552;0.0000082330
4.8;-0.9;0.0000321358;0.0000428687
5.0;-0.9;0.0001060497;0.0000970413
5.2;-0.9;0.0000899028;0.0000888636
5.4;-0.9;0.0003334472;0.0002087603
5.6;-0.9;0.0003458150;0.0002661312
5.8;-0.9;0.0007729318;0.0003428917
6.0;-0.9;0.0012370279;0.0009460511
6.2;-0.9;0.0015580201;0.0009719831
6.4;-0.9;0.0026049986;0.0012309102
6.6;-0.9;0.0041623329;0.0011471875
6.8;-0.9;0.0062487516;0.0014005843
7.0;-0.9;0.0096742786;0.0027716519
7.2;-0.9;0.0138545403;0.0032077887
7.4;-0.9;0.0187356311;0.0048657303
7.6;-0.9;0.0259448898;0.0046998969
7.8;-0.9;0.0393793146;0.0060250077
8.0;-0.9;0.0508392380;0.0083313437
8.2;-0.9;0.0668604947;0.0080360239
8.4;-0.9;0.0877097043;0.0074347478
8.6;-0.9;0.1144530581;0.0129055223
8.8;-0.9;0.1417592230;0.0116992098
9.0;-0.9;0.1805104220;0.0127158830
9.2;-0.9;0.2193419751;0.0168563901
9.4;-0.9;0.2684530196;0.0139096911
9.6;-0.9;0.3260605735;0.0178744724
9.8;-0.9;0.3778577843;0.0235239671
10.0;-0.9;0.4375954680;0.0152954750
10.2;-0.9;0.5018304276;0.0137926364
10.4;-0.9;0.5567442645;0.0120331005
10.6;-0.9;0.6076445108;0.0127473206
10.8;-0.9;0.6683805680;0.0159112922
3.0;-0.9;0.0000000000;0.0000000000
3.2;-0.9;0.0000008634;0.0000025885
3.4;-0.9;0.0000000323;0.0000000970
3.6;-0.9;0.0000010835;0.0000028826
3.8;-0.9;0.0000001843;0.0000005530
4.0;-0.9;0.0000065103;0.0000145478
4.2;-0.9;0.0000013130;0.0000016969
4.4;-0.9;0.0000020753;0.0000022556
4.6;-0.9;0.0000260583;0.0000283299
4.8;-0.9;0.0000457799;0.0000567191
5.0;-0.9;0.0000589231;0.0000563138
5.2;-0.9;0.0002049216;0.0001362978
5.4;-0.9;0.0003251100;0.0002915109
5.6;-0.9;0.0002954892;0.0002451576
5.8;-0.9;0.0004407451;0.0001932468
6.0;-0.9;0.0010323578;0.0006568145
6.2;-0.9;0.0013137304;0.0003768231
6.4;-0.9;0.0029075643;0.0009025120
6.6;-0.9;0.0039558466;0.0013012556
6.8;-0.9;0.0064992136;0.0021798346
7.0;-0.9;0.0094689648;0.0028264562
7.2;-0.9;0.0131992069;0.0024779756
7.4;-0.9;0.0191545640;0.0030850892
7.6;-0.9;0.0280190360;0.0062291154
7.8;-0.9;0.0333723912;0.0063061609
8.0;-0.9;0.0496088872;0.0031255022
8.2;-0.9;0.0687419655;0.0091479261
8.4;-0.9;0.0839989576;0.0109942174
8.6;-0.9;0.1162383702;0.0110417283
8.8;-0.9;0.1489044877;0.0091425616
9.0;-0.9;0.1809546352;0.0106750645
9.2;-0.9;0.2198326472;0.0107921603
9.4;-0.9;0.2767050908;0.0132985328
9.6;-0.9;0.3154258821;0.0171158912
9.8;-0.9;0.3725464368;0.0191785293
10.0;-0.9;0.4386604291;0.0229269266
10.2;-0.9;0.5029062429;0.0115690819
10.4;-0.9;0.5603757966;0.0138883742
10.6;-0.9;0.6162236536;0.0139226418
10.8;-0.9;0.6752553489;0.0144467546
3.0;-0.9;0.0000000154;0.0000000382
3.2;-0.9;0.0000000023;0.0000000070
3.4;-0.9;0.0000000050;0.0000000151
3.6;-0.9;0.0000019011;0.0000044463
3.8;-0.9;0.0000007616;0.0000022671
4.0;-0.9;0.0000002357;0.0000003117
4.2;-0.9;0.0000089277;0.0000092723
4.4;-0.9;0.0000125634;0.0000166744
4.6;-0.9;0.0000148296;0.0000226795
4.8;-0.9;0.0000358993;0.0000339060
5.0;-0.9;0.0000922291;0.0001043410
5.2;-0.9;0.0000907821;0.0000427570
5.4;-0.9;0.0002166986;0.0001266515
5.6;-0.9;0.0004293825;0.0002517376
5.8;-0.9;0.0006223061;0.0003349732
6.0;-0.9;0.0011153127;0.0007314621
6.2;-0.9;0.0019577347;0.0009962489
6.4;-0.9;0.0022835309;0.0013751388
6.6;-0.9;0.0033373799;0.0008786345
6.8;-0.9;0.0059666254;0.0014281810
7.0;-0.9;0.0101463842;0.0020893319
7.2;-0.9;0.0144403839;0.0023596692
7.4;-0.9;0.0177346446;0.0028927045
7.6;-0.9;0.0259497263;0.0065218044
7.8;-0.9;0.0341595264;0.0038956255
8.0;-0.9;0.0480471539;0.0048405585
8.2;-0.9;0.0667402520;0.0040681208
8.4;-0.9;0.0893660290;0.0099113910
8.6;-0.9;0.1145330185;0.0132046169
8.8;-0.9;0.1424790670;0.0122780041
9.0;-0.9;0.1790221887;0.0137299954
9.2;-0.9;0.2269317214;0.0176296094
9.4;-0.9;0.2711278860;0.0199456669
9.6;-0.9;0.3238943595;0.0176763028
9.8;-0.9;0.3777241586;0.0162279219
10.0;-0.9;0.4384301451;0.0153920961
10.2;-0.9;0.5027961323;0.0143470325
10.4;-0.9;0.5584106617;0.0113277671
10.6;-0.9;0.6197093012;0.0168028806
10.8;-0.9;0.6777931396;0.0152588516
3.0;-0.8;0.0000000000;0.0000000000
3.2;-0.8;0.0000000016;0.0000000047
3.4;-0.8;0.0000000532;0.0000001548
3.6;-0.8;0.0000006308;0.0000013406
3.8;-0.8;0.0000001990;0.0000005229
4.0;-0.8;0.0000068307;0.0000176003
4.2;-0.8;0.0000388577;0.0001000557
4.4;-0.8;0.0000053601;0.0000065908
4.6;-0.8;0.0000454213;0.0000525529
4.8;-0.8;0.0000226448;0.0000286784
5.0;-0.8;0.0000383021;0.0000341627
5.2;-0.8;0.0001293376;0.0000992382
5.4;-0.8;0.0002556007;0.0001038971
5.6;-0.8;0.0003152895;0.0001628166
5.8;-0.8;0.0006561467;0.0003558914
6.0;-0.8;0.0009480064;0.0004585378
6.2;-0.8;0.0016007887;0.0007082629
6.4;-0.8;0.0025084601;0.0008230187
6.6;-0.8;0.0038529140;0.0006142926
6.8;-0.8;0.0054795453;0.0017579181
7.0;-0.8;0.0103036029;0.0024992922
7.2;-0.8;0.0145123902;0.0035709232
7.4;-0.8;0.0192337989;0.0031019010
7.6;-0.8;0.0241991154;0.0029079993
7.8;-0.8;0.0341972194;0.0043857495
8.0;-0.8;0.0490299489;0.0068789785
8.2;-0.8;0.0695332773;0.0064420831
8.4;-0.8;0.0906650237;0.0101341945
8.6;-0.8;0.1156285481;0.0116653764
8.8;-0.8;0.1500561601;0.0127154082
9.0;-0.8;0.1817567197;0.0157675196
9.2;-0.8;0.2245673528;0.0188434701
9.4;-0.8;0.2819514017;0.0189835011
9.6;-0.8;0.3215049168;0.0170378040
9.8;-0.8;0.3785178577;0.0155414032
10.0;-0.8;0.4444395475;0.0141001431
10.2;-0.8;0.5099305505;0.0112205319
10.4;-0.8;0.5628147214;0.0134866105
10.6;-0.8;0.6160201649;0.0117291458
10.8;-0.8;0.6797987058;0.0162488585
3.0;-0.8;0.0000002972;0.0000008143
3.2;-0.8;0.0000000115;0.0000000346
3.4;-0.8;0.0000006152;0.0000018455
3.6;-0.8;0.0000002743;0.0000004552
3.8;-0.8;0.0000000384;0.0000001152
4.0;-0.8;0.0000012046;0.0000017204
4.2;-0.8;0.0000115356;0.0000126704
4.4;-0.8;0.0000109019;0.0000195597
4.6;-0.8;0.0000150162;0.0000267329
4.8;-0.8;0.0000349144;0.0000539322
5.0;-0.8;0.0000475316;0.0000438865
5.2;-0.8;0.0000847770;0.0000889547
5.4;-0.8;0.0002512853;0.0002111411
5.6;-0.8;0.0003290688;0.0002513732
5.8;-0.8;0.0005539246;0.0003689777
6.0;-0.8;0.0010188928;0.0004823094
6.2;-0.8;0.0019605172;0.0006569121
6.4;-0.8;0.0024046131;0.0011172667
6.6;-0.8;0.0039837742;0.0012067167
6.8;-0.8;0.0067367432;0.0029108107
7.0;-0.8;0.0092893868;0.0019950293
7.2;-0.8;0.0130906307;0.0027391731
7.4;-0.8;0.0182172419;0.0042199428
7.6;-0.8;0.0271477772;0.0047254253
7.8;-0.8;0.0356461642;0.0049799818
8.0;-0.8;0.0497609506;0.0071700571
8.2;-0.8;0.0696283098;0.0089271266
8.4;-0.8;0.0901291289;0.0093293444
8.6;-0.8;0.1204743408;0.0101962079
8.8;-0.8;0.1503904832;0.0138486054
9.0;-0.8;0.1833815337;0.0201209089
9.2;-0.8;0.2267620021;0.0156738974
9.4;-0.8;0.2753837064;0.0169761777
9.6;-0.8;0.3228396128;0.0186878108
9.8;-0.8;0.3875574214;0.0211105151
10.0;-0.8;0.4415703902;0.0202389476
10.2;-0.8;0.5013333955;0.0103733241
10.4;-0.8;0.5568868690;0.0145716529
10.6;-0.8;0.6179702794;0.0174264357
10.8;-0.8;0.6785325514;0.0207480088
3.0;-0.8;0.0000005925;0.0000011725
3.2;-0.8;0.0000000000;0.0000000000
3.4;-0.8;0.0000000199;0.0000000597
3.6;-0.8;0.0000019441;0.0000041788
3.8;-0.8;0.0000020344;0.0000038084
4.0;-0.8;0.0000020532;0.0000051482
4.2;-0.8;0.0000037177;0.0000071585
4.4;-0.8;0.0000036541;0.0000054938
4.6;-0.8;0.0000165500;0.0000228842
4.8;-0.8;0.0000541629;0.0000630356
5.0;-0.8;0.0000472266;0.0000531750
5.2;-0.8;0.0001339334;0.0001535050
5.4;-0.8;0.0002136668;0.0002398829
5.6;-0.8;0.0002984621;0.0003042619
5.8;-0.8;0.0007273377;0.0004432051
6.0;-0.8;0.0008772548;0.0005320841
6.2;-0.8;0.0011380300;0.0004753191
6.4;-0.8;0.0027201922;0.0012868954
6.6;-0.8;0.0051781373;0.0018834227
6.8;-0.8;0.0068058568;0.0017613908
7.0;-0.8;0.0104649393;0.0019270466
7.2;-0.8;0.0127391450;0.0035280981
7.4;-0.8;0.0186725174;0.0034402038
7.6;-0.8;0.0253850893;0.0031664256
7.8;-0.8;0.0358608192;0.0079133300
8.0;-0.8;0.0521199311;0.0070145694
8.2;-0.8;0.0661399573;0.0057031133
8.4;-0.8;0.0937619732;0.0117181270
8.6;-0.8;0.1134486542;0.0110749735
8.8;-0.8;0.1464950230;0.0178231456
9.0;-0.8;0.1850940687;0.0149908675
9.2;-0.8;0.2285256128;0.0175182168
9.4;-0.8;0.2744702580;0.0168459737
9.6;-0.8;0.3253115220;0.0194420484
9.8;-0.8;0.3879633685;0.0204976362
10.0;-0.8;0.4465921995;0.0167372784
10.2;-0.8;0.5090511323;0.0103800841
10.4;-0.8;0.5631032910;0.0158987230
10.6;-0.8;0.6203490048;0.0129368434
10.8;-0.8;0.6839007689;0.0157143115
3.0;-0.8;0.0000002919;0.0000005370
3.2;-0.8;0.0000000085;0.0000000256
3.4;-0.8;0.0000006429;0.0000010049
3.6;-0.8;0.0000000156;0.0000000329
3.8;-0.8;0.0000011777;0.0000020512
4.0;-0.8;0.0000024531;0.0000035512
4.2;-0.8;0.0000022545;0.0000049877
4.4;-0.8;0.0000060583;0.0000084913
4.6;-0.8;0.0000112719;0.0000156024
4.8;-0.8;0.0000352122;0.0000468262
5.0;-0.8;0.0000447426;0.0000454822
5.2;-0.8;0.0001432776;0.0000846903
5.4;-0.8;0.0002033863;0.0001751749
5.6;-0.8;0.0003118481;0.0002542342
5.8;-0.8;0.0006982793;0.0002999406
6.0;-0.8;0.0008301021;0.0004680697
6.2;-0.8;0.0015064306;0.0010483327
6.4;-0.8;0.0026728439;0.0009655327
6.6;-0.8;0.0044523329;0.0009900858
6.8;-0.8;0.0073812827;0.0020165551
7.0;-0.8;0.0105287090;0.0014171849
7.2;-0.8;0.0136658168;0.0023666529
7.4;-0.8;0.0195139225;0.0036748708
7.6;-0.8;0.0276716178;0.0038288538
7.8;-0.8;0.0384173447;0.0039078405
8.0;-0.8;0.0510241724;0.0063085841
8.2;-0.8;0.0699988768;0.0076980219
8.4;-0.8;0.0910353133;0.0057311483
8.6;-0.8;0.1152471161;0.0081443156
8.8;-0.8;0.1511572946;0.0145981447
9.0;-0.8;0.1791146092;0.0120100338
9.2;-0.8;0.2334401710;0.0143418227
9.4;-0.8;0.2747323339;0.0171442038
9.6;-0.8;0.3239459524;0.0191555592
9.8;-0.8;0.3878304791;0.0171596363
10.0;-0.8;0.4441493976;0.0165679031
10.2;-0.8;0.5110721627;0.0090850160
10.4;-0.8;0.5683839894;0.0126472065
10.6;-0.8;0.6253621220;0.0153174548
10.8;-0.8;0.6872965398;0.0157482184
3.0;-0.8;0.0000000029;0.0000000086
3.2;-0.8;0.0000000443;0.0000001190
3.4;-0.8;0.0000001173;0.0000003453
3.6;-0.8;0.0000000666;0.0000001057
3.8;-0.8;0.0000001799;0.0000004110
4.0;-0.8;0.0000096927;0.0000243178
4.2;-0.8;0.0000027235;0.0000050297
4.4;-0.8;0.0000038408;0.0000053345
4.6;-0.8;0.0000168390;0.0000396155
4.8;-0.8;0.0000456819;0.0000864733
5.0;-0.8;0.0000699587;0.0000884191
5.2;-0.8;0.0001247083;0.0000911573
5.4;-0.8;0.0001559849;0.0001317310
5.6;-0.8;0.0002761628;0.0001136871
5.8;-0.8;0.0006417635;0.0005067136
6.0;-0.8;0.0008608168;0.0005005246
6.2;-0.8;0.0015047095;0.0010079675
6.4;-0.8;0.0028583693;0.0012010672
6.6;-0.8;0.0036821800;0.0013062563
6.8;-0.8;0.0067087180;0.0014391011
7.0;-0.8;0.0077373842;0.0016867628
7.2;-0.8;0.0129194178;0.0041512973
7.4;-0.8;0.0182460399;0.0041845763
7.6;-0.8;0.0275720772;0.0049004042
7.8;-0.8;0.0385970092;0.0075744283
8.0;-0.8;0.0522037046;0.0066746949
8.2;-0.8;0.0710682112;0.0065849354
8.4;-0.8;0.0924829776;0.0094381674
8.6;-0.8;0.1194129482;0.0122736543
8.8;-0.8;0.1501230138;0.0088298239
9.0;-0.8;0.1845541806;0.0118159719
9.2;-0.8;0.2290119975;0.0140156228
9.4;-0.8;0.2720699701;0.0155459718
9.6;-0.8;0.3285719581;0.0155301942
9.8;-0.8;0.3917470075;0.0198932539
10.0;-0.8;0.4510161230;0.0187891985
10.2;-0.8;0.5084511756;0.0162750464
10.4;-0.8;0.5659281501;0.0074794890
10.6;-0.8;0.6286390892;0.0147237523
10.8;-0.8;0.6885450723;0.0189127108
3.0;-0.8;0.0000000019;0.0000000058
3.2;-0.8;0.0000000000;0.0000000000
3.4;-0.8;0.0000000000;0.0000000000
3.6;-0.8;0.0000001982;0.0000005665
3.8;-0.8;0.0000012141;0.0000024310
4.0;-0.8;0.0000011289;0.0000017995
4.2;-0.8;0.0000027097;0.0000058126
4.4;-0.8;0.0000130954;0.0000231178
4.6;-0.8;0.0000040579;0.0000058462
4.8;-0.8;0.0000488748;0.0000463023
5.0;-0.8;0.0000575561;0.0000662532
5.2;-0.8;0.0000804584;0.0000690853
5.4;-0.8;0.0002612546;0.0001677350
5.6;-0.8;0.0002321347;0.0000969476
5.8;-0.8;0.0004731109;0.0002047011
6.0;-0.8;0.0008114242;0.0003270236
6.2;-0.8;0.0017312329;0.0007901340
6.4;-0.8;0.0027315638;0.0013059620
6.6;-0.8;0.0039351333;0.0016911386
6.8;-0.8;0.0068304864;0.0026372175
7.0;-0.8;0.0090778341;0.0017826945
7.2;-0.8;0.0145475906;0.0029511063
7.4;-0.8;0.0207774158;0.0039671925
7.6;-0.8;0.0290867211;0.0067877191
7.8;-0.8;0.0372876833;0.0039033353
8.0;-0.8;0.0516302292;0.0071850764
8.2;-0.8;0.0673151480;0.0094174697
8.4;-0.8;0.0961627815;0.0096595278
8.6;-0.8;0.1159261264;0.0116394975
8.8;-0.8;0.1524042298;0.0122466949
9.0;-0.8;0.1904444149;0.0105471257
9.2;-0.8;0.2348391560;0.0190211422
9.4;-0.8;0.2788021599;0.0189840967
9.6;-0.8;0.3297413219;0.0213834698
9.8;-0.8;0.3909238945;0.0195761266
10.0;-0.8;0.4466240549;0.0162384989
10.2;-0.8;0.5086271779;0.0147932121
10.4;-0.8;0.5718669482;0.0126066366
10.6;-0.8;0.6311934083;0.0126077583
10.8;-0.8;0.6893154685;0.0135711424
3.0;-0.8;0.0000001652;0.0000004801
3.2;-0.8;0.0000000223;0.0000000516
3.4;-0.8;0.0000001385;0.0000003748
3.6;-0.8;0.0000001466;0.0000003749
3.8;-0.8;0.0000013539;0.0000031631
4.0;-0.8;0.0000007166;0.0000015730
4.2;-0.8;0.0000088532;0.0000145190
4.4;-0.8;0.0000081054;0.0000093546
4.6;-0.8;0.0000186466;0.0000265549
4.8;-0.8;0.0000620985;0.0000608820
5.0;-0.8;0.0000973861;0.0001171836
5.2;-0.8;0.0001532686;0.0001757054
5.4;-0.8;0.0001831421;0.0001651114
5.6;-0.8;0.0003101219;0.0001932515
5.8;-0.8;0.0006508376;0.0003204333
6.0;-0.8;0.0008955788;0.0003786107
6.2;-0.8;0.0016339271;0.0006023026
6.4;-0.8;0.0022060130;0.0006874597
6.6;-0.8;0.0039240572;0.0014622086
6.8;-0.8;0.0069802561;0.0013095024
7.0;-0.8;0.0103022782;0.0019133439
7.2;-0.8;0.0137482119;0.0029672627
7.4;-0.8;0.0190649444;0.0030787207
7.6;-0.8;0.0298839087;0.0052738978
7.8;-0.8;0.0396202975;0.0051996797
8.0;-0.8;0.0517364962;0.0053861405
8.2;-0.8;0.0710581192;0.0088511696
8.4;-0.8;0.0894888819;0.0067502206
8.6;-0.8;0.1242347604;0.0092365567
8.8;-0.8;0.1512623070;0.0149702775
9.0;-0.8;0.1842449494;0.0144533115
9.2;-0.8;0.2269576880;0.0173677156
9.4;-0.8;0.2775579819;0.0188354556
9.6;-0.8;0.3323405793;0.0219515504
9.8;-0.8;0.3931299119;0.0197944637
10.0;-0.8;0.4488074708;0.0160529686
10.2;-0.8;0.5161341935;0.0131829377
10.4;-0.8;0.5713973807;0.0089590645
10.6;-0.8;0.6309414444;0.0161369125
10.8;-0.8;0.6930511221;0.0163217809
3.0;-0.8;0.0000000797;0.0000001720
3.2;-0.8;0.0000009891;0.0000029673
3.4;-0.8;0.0000000768;0.0000002270
3.6;-0.8;0.0000007302;0.0000021905
3.8;-0.8;0.0000028236;0.0000055785
4.0;-0.8;0.0000029418;0.0000087002
4.2;-0.8;0.0000014058;0.0000023451
4.4;-0.8;0.0000026457;0.0000032116
4.6;-0.8;0.0000138484;0.0000133309
4.8;-0.8;0.0000443568;0.0000522273
5.0;-0.8;0.0000378581;0.0000367013
5.2;-0.8;0.0001461139;0.0000864932
5.4;-0.8;0.0002041174;0.0001585530
5.6;-0.8;0.0003637786;0.0002961552
5.8;-0.8;0.0005872308;0.0004952357
6.0;-0.8;0.0009480010;0.0007007489
6.2;-0.8;0.0016360979;0.0006661018
6.4;-0.8;0.0031991231;0.0017362834
6.6;-0.8;0.0041950029;0.0009917730
6.8;-0.8;0.0063491380;0.0013675031
7.0;-0.8;0.0094461317;0.0023378075
7.2;-0.8;0.0133550729;0.0037847464
7.4;-0.8;0.0188743208;0.0044309948
7.6;-0.8;0.0300097399;0.0070212315
7.8;-0.8;0.0380839880;0.0067980161
8.0;-0.8;0.0542269645;0.0065078882
8.2;-0.8;0.0677700667;0.0094519454
8.4;-0.8;0.0949115048;0.0107301630
8.6;-0.8;0.1176805778;0.0111106584
8.8;-0.8;0.1525308485;0.0116991165
9.0;-0.8;0.1899118146;0.0167170398
9.2;-0.8;0.2319182946;0.0157918923
9.4;-0.8;0.2860700814;0.0172780523
9.6;-0.8;0.3367427664;0.0226872716
9.8;-0.8;0.3936034260;0.0213628263
10.0;-0.8;0.4471362068;0.0168018728
10.2;-0.8;0.5116778374;0.0120517809
10.4;-0.8;0.5747077906;0.0149551854
10.6;-0.8;0.6339634863;0.0140232487
10.8;-0.8;0.6957549386;0.0180593865
3.0;-0.8;0.0000001195;0.0000003586
3.2;-0.8;0.0000012740;0.0000033112
3.4;-0.8;0.0000011369;0.0000027542
3.6;-0.8;0.0000056052;0.0000126809
3.8;-0.8;0.0000012991;0.0000022579
4.0;-0.8;0.0000014844;0.0000038348
4.2;-0.8;0.0000031791;0.0000063150
4.4;-0.8;0.0000008503;0.0000015833
4.6;-0.8;0.0000275073;0.0000454625
4.8;-0.8;0.0000477433;0.0000565288
5.0;-0.8;0.0001009592;0.0001526058
5.2;-0.8;0.0002503720;0.0001954509
5.4;-0.8;0.0002053769;0.0002162354
5.6;-0.8;0.0003237235;0.0002633393
5.8;-0.8;0.0008521947;0.0004364896
6.0;-0.8;0.0008036130;0.0003205531
6.2;-0.8;0.0018716999;0.0007820164
6.4;-0.8;0.0034390618;0.0012572043
6.6;-0.8;0.0044485183;0.0014020978
6.8;-0.8;0.0073069709;0.0023758714
7.0;-0.8;0.0104479373;0.0017760629
7.2;-0.8;0.0153028503;0.0032107499
7.4;-0.8;0.0194013946;0.0057850619
7.6;-0.8;0.0275012629;0.0044316089
7.8;-0.8;0.0395931511;0.0056536360
8.0;-0.8;0.0486947045;0.0070822002
8.2;-0.8;0.0735722568;0.0065099279
8.4;-0.8;0.0935818777;0.0089360982
8.6;-0.8;0.1182962921;0.0078756177
8.8;-0.8;0.1478160759;0.0126972265
9.0;-0.8;0.1892699822;0.0147441967
9.2;-0.8;0.2356144010;0.0160357883
9.4;-0.8;0.2854875535;0.0160166617
9.6;-0.8;0.3339696400;0.0201394147
9.8;-0.8;0.4000718742;0.0241467336
10.0;-0.8;0.4566611230;0.0186810519
10.2;-0.8;0.5170930662;0.0132429500
10.4;-0.8;0.5819630718;0.0161545729
10.6;-0.8;0.6389529488;0.0141373478
10.8;-0.8;0.6967607906;0.0157815958
3.0;-0.8;0.0000004203;0.0000011349
3.2;-0.8;0.0000000000;0.0000000000
3.4;-0.8;0.0000000552;0.0000001083
3.6;-0.8;0.0000001879;0.0000003822
3.8;-0.8;0.0000004619;0.0000007058
4.0;-0.8;0.0000010262;0.0000023142
4.2;-0.8;0.0000120664;0.0000266737
4.4;-0.8;0.0000096749;0.0000126240
4.6;-0.8;0.0000070942;0.0000067367
4.8;-0.8;0.0000439260;0.0000684592
5.0;-0.8;0.0000903721;0.0001353349
5.2;-0.8;0.0000603174;0.0000406132
5.4;-0.8;0.0002109623;0.0001448243
5.6;-0.8;0.0004053211;0.0002293928
5.8;-0.8;0.0005525939;0.0001701428
6.0;-0.8;0.0011775803;0.0007567261
6.2;-0.8;0.0020671330;0.0009454705
6.4;-0.8;0.0029904651;0.0010698726
6.6;-0.8;0.0040605441;0.0018689122
6.8;-0.8;0.0060440115;0.0022661418
7.0;-0.8;0.0088594645;0.0018064886
7.2;-0.8;0.0144426556;0.0028924023
7.4;-0.8;0.0213261248;0.0029197961
7.6;-0.8;0.0290838380;0.0051089401
7.8;-0.8;0.0392557230;0.0029936891
8.0;-0.8;0.0523583539;0.0077221256
8.2;-0.8;0.0696217247;0.0061249936
8.4;-0.8;0.0941898787;0.0091455384
8.6;-0.8;0.1227647349;0.0122130422
8.8;-0.8;0.1511204120;0.0110658965
9.0;-0.8;0.1926067194;0.0099678501
9.2;-0.8;0.2330131873;0.0175383590
9.4;-0.8;0.2872572545;0.0180547376
9.6;-0.8;0.3355172524;0.0220528391
9.8;-0.8;0.3939271064;0.0227241552
10.0;-0.8;0.4588140149;0.0175957351
10.2;-0.8;0.5210122027;0.0164228226
10.4;-0.8;0.5789534227;0.0112706925
10.6;-0.8;0.6381004745;0.0138757323
10.8;-0.8;0.7008568351;0.0134196971
3.0;-0.7;0.0000001340;0.0000004020
3.2;-0.7;0.0000000000;0.0000000000
3.4;-0.7;0.0000000187;0.0000000560
3.6;-0.7;0.0000008063;0.0000020676
3.8;-0.7;0.0000011325;0.0000018047
4.0;-0.7;0.0000000346;0.0000001039
4.2;-0.7;0.0000070553;0.0000144251
4.4;-0.7;0.0000038386;0.0000067735
4.6;-0.7;0.0000058156;0.0000081275
4.8;-0.7;0.0000236444;0.0000240285
5.0;-0.7;0.0000766869;0.0000937259
5.2;-0.7;0.0001039970;0.0001232478
5.4;-0.7;0.0002350073;0.0001976791
5.6;-0.7;0.0004444709;0.0001945403
5.8;-0.7;0.0009811797;0.0005814740
6.0;-0.7;0.0008171579;0.0003212311
6.2;-0.7;0.0012205698;0.0004414733
6.4;-0.7;0.0038157781;0.0012876258
6.6;-0.7;0.0042057573;0.0013510118
6.8;-0.7;0.0065307427;0.0016772889
7.0;-0.7;0.0106067899;0.0019435943
7.2;-0.7;0.0134253951;0.0025442081
7.4;-0.7;0.0226011075;0.0043531824
7.6;-0.7;0.0301220341;0.0060243362
7.8;-0.7;0.0413385624;0.0051117831
8.0;-0.7;0.0549879966;0.0069558446
8.2;-0.7;0.0702917632;0.0092904284
8.4;-0.7;0.0958649222;0.0078696318
8.6;-0.7;0.1225974484;0.0097154850
8.8;-0.7;0.1515128856;0.0113399769
9.0;-0.7;0.1958994227;0.0141717854
9.2;-0.7;0.2392295905;0.0159253985
9.4;-0.7;0.2881002277;0.0195164404
9.6;-0.7;0.3396303099;0.0187419262
9.8;-0.7;0.3995140106;0.0153229618
10.0;-0.7;0.4617914308;0.0174341373
10.2;-0.7;0.5250389436;0.0198788195
10.4;-0.7;0.5848630899;0.0089793166
10.6;-0.7;0.6459451339;0.0137535925
10.8;-0.7;0.7007477107;0.0157166999
3.0;-0.7;0.0000000028;0.0000000062
3.2;-0.7;0.0000000000;0.0000000000
3.4;-0.7;0.0000004224;0.0000009840
3.6;-0.7;0.0000009600;0.0000025360
3.8;-0.7;0.0000016428;0.0000048529
4.0;-0.7;0.0000024190;0.0000050416
4.2;-0.7;0.0000020131;0.0000033450
4.4;-0.7;0.0000086890;0.0000223758
4.6;-0.7;0.0000218686;0.0000256208
4.8;-0.7;0.0000369713;0.0000425922
5.0;-0.7;0.0000278971;0.0000256595
5.2;-0.7;0.0001804591;0.0001071441
5.4;-0.7;0.0001872048;0.0001634639
5.6;-0.7;0.0003681366;0.0002539709
5.8;-0.7;0.0008831182;0.0004024224
6.0;-0.7;0.0012850572;0.0005930094
6.2;-0.7;0.0017843750;0.0007805286
6.4;-0.7;0.0030778073;0.0011094129
6.6;-0.7;0.0046992364;0.0015812593
6.8;-0.7;0.0063203316;0.0014626787
7.0;-0.7;0.0092974273;0.0028600976
7.2;-0.7;0.0131721638;0.0028521887
7.4;-0.7;0.0202297778;0.0027878398
7.6;-0.7;0.0306319783;0.0050434551
7.8;-0.7;0.0378648925;0.0036325277
8.0;-0.7;0.0562240752;0.0055933526
8.2;-0.7;0.0719244287;0.0076283629
8.4;-0.7;0.0919479980;0.0067611405
8.6;-0.7;0.1227086749;0.0092140786
8.8;-0.7;0.1492658631;0.0139692644
9.0;-0.7;0.1941885979;0.0122941099
9.2;-0.7;0.2401310287;0.0137872095
9.4;-0.7;0.2912658195;0.0182066683
9.6;-0.7;0.3466066539;0.0263227745
9.8;-0.7;0.4041754083;0.0165322610
10.0;-0.7;0.4643944190;0.0172566872
10.2;-0.7;0.5275013448;0.0145377093
10.4;-0.7;0.5875054934;0.0143333441
10.6;-0.7;0.6469851222;0.0145290024
10.8;-0.7;0.7064874655;0.0151865732
3.0;-0.7;0.0000000578;0.0000001735
3.2;-0.7;0.0000000000;0.0000000000
3.4;-0.7;0.0000000000;0.0000000000
3.6;-0.7;0.0000000524;0.0000001554
3.8;-0.7;0.0000000806;0.0000002061
4.0;-0.7;0.0000006539;0.0000013879
4.2;-0.7;0.0000020833;0.0000024607
4.4;-0.7;0.0000062604;0.0000047123
4.6;-0.7;0.0000061815;0.0000055621
4.8;-0.7;0.0000367741;0.0000576728
5.0;-0.7;0.0001014399;0.0000941248
5.2;-0.7;0.0002184146;0.0001887761
5.4;-0.7;0.0002222289;0.0002117378
5.6;-0.7;0.0003421666;0.0001982678
5.8;-0.7;0.0007491818;0.0003255185
6.0;-0.7;0.0011383907;0.0005726130
6.2;-0.7;0.0019672905;0.0009483071
6.4;-0.7;0.0024280172;0.0008861548
6.6;-0.7;0.0043346034;0.0011005065
6.8;-0.7;0.0061541524;0.0013294529
7.0;-0.7;0.0103151175;0.0028182818
7.2;-0.7;0.0136904107;0.0028803652
7.4;-0.7;0.0196912887;0.0041124385
7.6;-0.7;0.0316767831;0.0045392330
7.8;-0.7;0.0426899262;0.0064827598
8.0;-0.7;0.0550014772;0.0093728444
8.2;-0.7;0.0730942380;0.0079218567
8.4;-0.7;0.0968717858;0.0106807156
8.6;-0.7;0.1245652914;0.0107702838
8.8;-0.7;0.1532409390;0.0118483615
9.0;-0.7;0.1953505943;0.0084913061
9.2;-0.7;0.2409955059;0.0138933783
9.4;-0.7;0.2959689458;0.0145298661
9.6;-0.7;0.3476461200;0.0219549272
9.8;-0.7;0.4074183972;0.0202833121
10.0;-0.7;0.4685507941;0.0148252319
10.2;-0.7;0.5308603484;0.0117547419
10.4;-0.7;0.5882637578;0.0146024255
10.6;-0.7;0.6513795360;0.0153038807
10.8;-0.7;0.7073884375;0.0179502680
3.0;-0.7;0.0000000653;0.0000000998
3.2;-0.7;0.0000000267;0.0000000482
3.4;-0.7;0.0000000087;0.0000000177
3.6;-0.7;0.0000017604;0.0000049954
3.8;-0.7;0.0000003451;0.0000006448
4.0;-0.7;0.0000003345;0.0000006532
4.2;-0.7;0.0000026283;0.0000029953
4.4;-0.7;0.0000045305;0.0000045108
4.6;-0.7;0.0000299159;0.0000392540
4.8;-0.7;0.0000361631;0.0000384273
5.0;-0.7;0.0001196184;0.0002071145
5.2;-0.7;0.0001447306;0.0001371460
5.4;-0.7;0.0001672200;0.0001525931
5.6;-0.7;0.0004721403;0.0002581173
5.8;-0.7;0.0006744416;0.0003477997
6.0;-0.7;0.0009189586;0.0004785562
6.2;-0.7;0.0015466746;0.0011754510
6.4;-0.7;0.0032314908;0.0008982643
6.6;-0.7;0.0044965986;0.0016999936
6.8;-0.7;0.0065227156;0.0007235006
7.0;-0.7;0.0090811616;0.0025048406
7.2;-0.7;0.0128273722;0.0028281528
7.4;-0.7;0.0195421363;0.0035913383
7.6;-0.7;0.0275580652;0.0053912227
7.8;-0.7;0.0376788367;0.0043893262
8.0;-0.7;0.0581723647;0.0043239449
8.2;-0.7;0.0726140910;0.0079508573
8.4;-0.7;0.0988215242;0.0086263960
8.6;-0.7;0.1238895046;0.0152343525
8.8;-0.7;0.1581616356;0.0093408147
9.0;-0.7;0.1959700295;0.0147216807
9.2;-0.7;0.2404249230;0.0157306380
9.4;-0.7;0.2916134541;0.0160503842
9.6;-0.7;0.3572492527;0.0206914390
9.8;-0.7;0.4095232336;0.0212998618
10.0;-0.7;0.4741844216;0.0166384613
10.2;-0.7;0.5323565195;0.0149144519
10.4;-0.7;0.5966862933;0.0167484429
10.6;-0.7;0.6536522679;0.0173017853
10.8;-0.7;0.7079541107;0.0179663164
3.0;-0.7;0.0000000059;0.0000000127
3.2;-0.7;0.0000005674;0.0000009775
3.4;-0.7;0.0000005063;0.0000006261
3.6;-0.7;0.0000010698;0.0000030955
3.8;-0.7;0.0000011477;0.0000021636
4.0;-0.7;0.0000019742;0.0000040534
4.2;-0.7;0.0000029180;0.0000053690
4.4;-0.7;0.0000028704;0.0000040696
4.6;-0.7;0.0000085281;0.0000102935
4.8;-0.7;0.0000375305;0.0000618280
5.0;-0.7;0.0000693265;0.0000733709
5.2;-0.7;0.0001358124;0.0001060891
5.4;-0.7;0.0001536865;0.0001465634
5.6;-0.7;0.0001889309;0.0001286256
5.8;-0.7;0.0008887961;0.0004478195
6.0;-0.7;0.0014079532;0.0005002583
6.2;-0.7;0.0013504862;0.0005447270
6.4;-0.7;0.0033081426;0.0015881290
6.6;-0.7;0.0043903095;0.0013382364
6.8;-0.7;0.0075298547;0.0021619150
7.0;-0.7;0.0093777730;0.0027280469
7.2;-0.7;0.0152672170;0.0031162892
7.4;-0.7;0.0221974149;0.0042205110
7.6;-0.7;0.0305239155;0.0046724839
7.8;-0.7;0.0423757277;0.0060905498
8.0;-0.7;0.0571735727;0.0068806861
8.2;-0.7;0.0772749326;0.0098207455
8.4;-0.7;0.0996802335;0.0070982844
8.6;-0.7;0.1284934356;0.0131568110
8.8;-0.7;0.1624051030;0.0138393028
9.0;-0.7;0.1952199574;0.0163807554
9.2;-0.7;0.2485018990;0.0170114735
9.4;-0.7;0.2998789797;0.0191530728
9.6;-0.7;0.3544501204;0.0224173217
9.8;-0.7;0.4153135348;0.0200179440
10.0;-0.7;0.4781634877;0.0168630344
10.2;-0.7;0.5342942697;0.0187209103
10.4;-0.7;0.6005311374;0.0163212809
10.6;-0.7;0.6573033647;0.0176452640
10.8;-0.7;0.7137485675;0.0142651714
3.0;-0.7;0.0000000881;0.0000001781
3.2;-0.7;0.0000001167;0.0000003502
3.4;-0.7;0.0000003856;0.0000009076
3.6;-0.7;0.0000002288;0.0000003490
3.8;-0.7;0.0000008741;0.0000020370
4.0;-0.7;0.0000049777;0.0000095615
4.2;-0.7;0.0000057462;0.0000070852
4.4;-0.7;0.0000171140;0.0000284881
4.6;-0.7;0.0000234210;0.0000283966
4.8;-0.7;0.0000355441;0.0000252714
5.0;-0.7;0.0001410055;0.0001269609
5.2;-0.7;0.0001540215;0.0002486094
5.4;-0.7;0.0002419092;0.0001940335
5.6;-0.7;0.0003742417;0.0002149541
5.8;-0.7;0.0008464077;0.0005898211
6.0;-0.7;0.0010449648;0.0006735695
6.2;-0.7;0.0017995725;0.0007437463
6.4;-0.7;0.0033626319;0.0013492143
6.6;-0.7;0.0052673502;0.0013379740
6.8;-0.7;0.0071931836;0.0025813929
7.0;-0.7;0.0098044916;0.0027438787
7.2;-0.7;0.0153408768;0.0030192171
7.4;-0.7;0.0209891568;0.0026041083
7.6;-0.7;0.0299197835;0.0047842812
7.8;-0.7;0.0414402204;0.0057449261
8.0;-0.7;0.0577887503;0.0073939408
8.2;-0.7;0.0740832881;0.0101503814
8.4;-0.7;0.0984981545;0.0108400958
8.6;-0.7;0.1290638125;0.0137079857
8.8;-0.7;0.1611321524;0.0128936060
9.0;-0.7;0.2039697762;0.0130083640
9.2;-0.7;0.2469007188;0.0162377230
9.4;-0.7;0.2976327823;0.0219927670
9.6;-0.7;0.3548737328;0.0164654218
9.8;-0.7;0.4167118295;0.0190417073
10.0;-0.7;0.4771697866;0.0179747292
10.2;-0.7;0.5392345430;0.0106135867
10.4;-0.7;0.6038613717;0.0184453115
10.6;-0.7;0.6603433501;0.0146250381
10.8;-0.7;0.7174771506;0.0174211798
3.0;-0.7;0.0000000074;0.0000000211
3.2;-0.7;0.0000003828;0.0000009817
3.4;-0.7;0.0000001122;0.0000003234
3.6;-0.7;0.0000000421;0.0000000770
3.8;-0.7;0.0000000506;0.0000000846
4.0;-0.7;0.0000023157;0.0000028707
4.2;-0.7;0.0000124993;0.0000349790
4.4;-0.7;0.0000079403;0.0000114200
4.6;-0.7;0.0000236005;0.0000343845
4.8;-0.7;0.0000430583;0.0000303250
5.0;-0.7;0.0000768011;0.0001300248
5.2;-0.7;0.0000784191;0.0000436789
5.4;-0.7;0.0002868595;0.0001662117
5.6;-0.7;0.0004747308;0.0003874626
5.8;-0.7;0.0004211022;0.0002727424
6.0;-0.7;0.0010227914;0.0006950720
6.2;-0.7;0.0019914755;0.0009418232
6.4;-0.7;0.0035467102;0.0014598592
6.6;-0.7;0.0046467954;0.0018534438
6.8;-0.7;0.0071297961;0.0023397241
7.0;-0.7;0.0110343555;0.0024994062
7.2;-0.7;0.0154890934;0.0024072864
7.4;-0.7;0.0228914104;0.0042463003
7.6;-0.7;0.0357323703;0.0049581801
7.8;-0.7;0.0423685291;0.0066096315
8.0;-0.7;0.0573492193;0.0067292659
8.2;-0.7;0.0765659052;0.0073023044
8.4;-0.7;0.1007968080;0.0121964106
8.6;-0.7;0.1303909891;0.0139797028
8.8;-0.7;0.1685224281;0.0098435708
9.0;-0.7;0.2056663011;0.0184735455
9.2;-0.7;0.2497751163;0.0201942232
9.4;-0.7;0.3096355642;0.0202880319
9.6;-0.7;0.3629246781;0.0211084696
9.8;-0.7;0.4260407309;0.0169390080
10.0;-0.7;0.4822914933;0.0133845348
10.2;-0.7;0.5439432428;0.0112444554
10.4;-0.7;0.6100648430;0.0147571088
10.6;-0.7;0.6682985337;0.0146844456
10.8;-0.7;0.7205053024;0.0166252725
3.0;-0.7;0.0000000059;0.0000000128
3.2;-0.7;0.0000001001;0.0000002915
3.4;-0.7;0.0000000002;0.0000000006
3.6;-0.7;0.0000016448;0.0000043665
3.8;-0.7;0.0000012856;0.0000020281
4.0;-0.7;0.0000015826;0.0000046256
4.2;-0.7;0.0000060422;0.0000109197
4.4;-0.7;0.0000175269;0.0000329923
4.6;-0.7;0.0000305133;0.0000368146
4.8;-0.7;0.0000248852;0.0000459756
5.0;-0.7;0.0000457353;0.0000334780
5.2;-0.7;0.0001465700;0.0001354568
5.4;-0.7;0.0002154387;0.0001411371
5.6;-0.7;0.0005510171;0.0003049887
5.8;-0.7;0.0006630095;0.0004589543
6.0;-0.7;0.0009534730;0.0007609815
6.2;-0.7;0.0021346702;0.0011206830
6.4;-0.7;0.0025227450;0.0009682773
6.6;-0.7;0.0046085393;0.0012998489
6.8;-0.7;0.0076372396;0.0029055087
7.0;-0.7;0.0122076118;0.0028310090
7.2;-0.7;0.0159368375;0.0036905762
7.4;-0.7;0.0211914808;0.0048086693
7.6;-0.7;0.0328300256;0.0066388773
7.8;-0.7;0.0451815516;0.0047544976
8.0;-0.7;0.0619142071;0.0079679268
8.2;-0.7;0.0782350552;0.0058878483
8.4;-0.7;0.1041057902;0.0089877255
8.6;-0.7;0.1314385184;0.0132883374
8.8;-0.7;0.1702763621;0.0118091824
9.0;-0.7;0.2055002592;0.0136925440
9.2;-0.7;0.2516478632;0.0203883479
9.4;-0.7;0.3082893349;0.0253290282
9.6;-0.7;0.3646918519;0.0202220922
9.8;-0.7;0.4235964404;0.0138268617
10.0;-0.7;0.4843610226;0.0161765695
10.2;-0.7;0.5511214156;0.0141077478
10.4;-0.7;0.6153528976;0.0136368058
10.6;-0.7;0.6728768452;0.0140189714
10.8;-0.7;0.7267873084;0.0170292871
3.0;-0.7;0.0000000000;0.0000000000
3.2;-0.7;0.0000000097;0.0000000177
3.4;-0.7;0.0000000332;0.0000000996
3.6;-0.7;0.0000000628;0.0000001110
3.8;-0.7;0.0000008835;0.0000014908
4.0;-0.7;0.0000002439;0.0000003350
4.2;-0.7;0.0000241157;0.0000694827
4.4;-0.7;0.0000078406;0.0000118532
4.6;-0.7;0.0000255889;0.0000355171
4.8;-0.7;0.0000252125;0.0000253641
5.0;-0.7;0.0000567494;0.0000358126
5.2;-0.7;0.0001092750;0.0000910659
5.4;-0.7;0.0002284234;0.0002534343
5.6;-0.7;0.0004536670;0.0002767576
5.8;-0.7;0.0006954882;0.0003312848
6.0;-0.7;0.0013779134;0.0005590937
6.2;-0.7;0.0018027518;0.0005525773
6.4;-0.7;0.0029675759;0.0010243896
6.6;-0.7;0.0046078519;0.0011064312
6.8;-0.7;0.0067387729;0.0020958045
7.0;-0.7;0.0111044250;0.0019212689
7.2;-0.7;0.0149951759;0.0038326136
7.4;-0.7;0.0242471207;0.0052895718
7.6;-0.7;0.0310142044;0.0065930281
7.8;-0.7;0.0407894506;0.0051892243
8.0;-0.7;0.0603528640;0.0131745293
8.2;-0.7;0.0772633543;0.0072943068
8.4;-0.7;0.1034308674;0.0070749969
8.6;-0.7;0.1334150383;0.0093918131
8.8;-0.7;0.1654393465;0.0099537640
9.0;-0.7;0.2113626015;0.0179707129
9.2;-0.7;0.2585537091;0.0200100949
9.4;-0.7;0.3160715537;0.0234278863
9.6;-0.7;0.3660013985;0.0210148432
9.8;-0.7;0.4332356414;0.0143285881
10.0;-0.7;0.4931581724;0.0144420575
10.2;-0.7;0.5586823866;0.0120783964
10.4;-0.7;0.6169500223;0.0162091555
10.6;-0.7;0.6732979399;0.0149091180
10.8;-0.7;0.7333050250;0.0162715315
3.0;-0.7;0.0000000000;0.0000000000
3.2;-0.7;0.0000000040;0.0000000067
3.4;-0.7;0.0000000247;0.0000000541
3.6;-0.7;0.0000000595;0.0000001719
3.8;-0.7;0.0000013715;0.0000027822
4.0;-0.7;0.0000008645;0.0000014221
4.2;-0.7;0.0000050209;0.0000063661
4.4;-0.7;0.0000089730;0.0000104833
4.6;-0.7;0.0000200389;0.0000298042
4.8;-0.7;0.0000972500;0.0001406800
5.0;-0.7;0.0000525645;0.0000513258
5.2;-0.7;0.0002057231;0.0001953456
5.4;-0.7;0.0002752631;0.0002956934
5.6;-0.7;0.0004457334;0.0003296563
5.8;-0.7;0.0006286792;0.0004092783
6.0;-0.7;0.0009993360;0.0007319587
6.2;-0.7;0.0015675716;0.0004837560
6.4;-0.7;0.0026552368;0.0006900929
6.6;-0.7;0.0054194403;0.0014723690
6.8;-0.7;0.0072742414;0.0021341519
7.0;-0.7;0.0109010400;0.0028612799
7.2;-0.7;0.0169735205;0.0031361234
7.4;-0.7;0.0223855270;0.0039990754
7.6;-0.7;0.0296235095;0.0046072609
7.8;-0.7;0.0459010336;0.0036729128
8.0;-0.7;0.0604109599;0.0075380189
8.2;-0.7;0.0848365753;0.0065333574
8.4;-0.7;0.1038416459;0.0102183587
8.6;-0.7;0.1391484248;0.0126714061
8.8;-0.7;0.1694625102;0.0159168782
9.0;-0.7;0.2138239282;0.0149672760
9.2;-0.7;0.2576146043;0.0211807490
9.4;-0.7;0.3134351754;0.0183674259
9.6;-0.7;0.3725356811;0.0145911863
9.8;-0.7;0.4383095089;0.0197967438
10.0;-0.7;0.4969731065;0.0131469888
10.2;-0.7;0.5596147961;0.0136994458
10.4;-0.7;0.6264074520;0.0158770281
10.6;-0.7;0.6774717306;0.0161721224
10.8;-0.7;0.7354102582;0.0150006723
3.0;-0.6;0.0000000011;0.0000000018
3.2;-0.6;0.0000000021;0.0000000057
3.4;-0.6;0.0000001179;0.0000001755
3.6;-0.6;0.0000003391;0.0000007389
3.8;-0.6;0.0000000157;0.0000000390
4.0;-0.6;0.0000003952;0.0000010792
4.2;-0.6;0.0000062460;0.0000144553
4.4;-0.6;0.0000085695;0.0000215507
4.6;-0.6;0.0000181081;0.0000206407
4.8;-0.6;0.0000334147;0.0000551336
5.0;-0.6;0.0001385615;0.0001927629
5.2;-0.6;0.0000909643;0.0000832173
5.4;-0.6;0.0002891226;0.0002951604
5.6;-0.6;0.0003082335;0.0001467945
5.8;-0.6;0.0005632159;0.0003883238
6.0;-0.6;0.0011179646;0.0006022739
6.2;-0.6;0.0014568745;0.0007008502
6.4;-0.6;0.0027804045;0.0011536006
6.6;-0.6;0.0053155805;0.0016518345
6.8;-0.6;0.0068566196;0.0025368961
7.0;-0.6;0.0113864400;0.0024945530
7.2;-0.6;0.0170175067;0.0026610336
7.4;-0.6;0.0228306136;0.0032601342
7.6;-0.6;0.0345452966;0.0051702922
7.8;-0.6;0.0399251847;0.0042146132
8.0;-0.6;0.0582767272;0.0071722080
8.2;-0.6;0.0836881000;0.0116772630
8.4;-0.6;0.1065926789;0.0096802158
8.6;-0.6;0.1343915320;0.0102944854
8.8;-0.6;0.1716584563;0.0144520845
9.0;-0.6;0.2213950304;0.0145586622
9.2;-0.6;0.2682981182;0.0163529024
9.4;-0.6;0.3195060060;0.0202826347
9.6;-0.6;0.3794214694;0.0169061261
9.8;-0.6;0.4439972882;0.0248077801
10.0;-0.6;0.5070844416;0.0136159206
10.2;-0.6;0.5653238456;0.0195740803
10.4;-0.6;0.6276505888;0.0153736634
10.6;-0.6;0.6851718568;0.0139509273
10.8;-0.6;0.7420650613;0.0166366657
3.0;-0.6;0.0000000000;0.0000000000
3.2;-0.6;0.0000000007;0.0000000021
3.4;-0.6;0.0000000117;0.0000000264
3.6;-0.6;0.0000001781;0.0000004261
3.8;-0.6;0.0000003840;0.0000009686
4.0;-0.6;0.0000007265;0.0000013494
4.2;-0.6;0.0000064948;0.0000164817
4.4;-0.6;0.0000039083;0.0000083202
4.6;-0.6;0.0000214264;0.0000294145
4.8;-0.6;0.0000466685;0.0001096619
5.0;-0.6;0.0000305329;0.0000478675
5.2;-0.6;0.0001279160;0.0000997559
5.4;-0.6;0.0003470639;0.0002319061
5.6;-0.6;0.0003790052;0.0001679331
5.8;-0.6;0.0006396085;0.0004374519
6.0;-0.6;0.0010944014;0.0005884477
6.2;-0.6;0.0017812939;0.0007901591
6.4;-0.6;0.0030912777;0.0012426381
6.6;-0.6;0.0048536134;0.0014729366
6.8;-0.6;0.0074837138;0.0019152020
7.0;-0.6;0.0129316868;0.0032266058
7.2;-0.6;0.0173727552;0.0027521437
7.4;-0.6;0.0250837605;0.0034138504
7.6;-0.6;0.0337869959;0.0033094107
7.8;-0.6;0.0443745932;0.0086091615
8.0;-0.6;0.0577129900;0.0080232934
8.2;-0.6;0.0802978046;0.0056559633
8.4;-0.6;0.1144245156;0.0117455746
8.6;-0.6;0.1420731108;0.0105623326
8.8;-0.6;0.1771621570;0.0147820344
9.0;-0.6;0.2195152953;0.0142623126
9.2;-0.6;0.2719924653;0.0183334731
9.4;-0.6;0.3321040781;0.0164424286
9.6;-0.6;0.3843460732;0.0190864710
9.8;-0.6;0.4480607076;0.0155317387
10.0;-0.6;0.5090916285;0.0172885335
10.2;-0.6;0.5761822113;0.0155685882
10.4;-0.6;0.6345930753;0.0135132382
10.6;-0.6;0.6926286514;0.0153170259
10.8;-0.6;0.7485448584;0.0143814058
3.0;-0.6;0.0000000001;0.0000000003
3.2;-0.6;0.0000000012;0.0000000036
3.4;-0.6;0.0000000023;0.0000000057
3.6;-0.6;0.0000000171;0.0000000487
3.8;-0.6;0.0000003765;0.0000005336
4.0;-0.6;0.0000002798;0.0000003647
4.2;-0.6;0.0000009735;0.0000014364
4.4;-0.6;0.0000119131;0.0000115854
4.6;-0.6;0.0000042603;0.0000058778
4.8;-0.6;0.0000312882;0.0000445169
5.0;-0.6;0.0000797428;0.0000708856
5.2;-0.6;0.0001230633;0.0001570429
5.4;-0.6;0.0003460097;0.0002972031
5.6;-0.6;0.0003027210;0.0001517090
5.8;-0.6;0.0007875071;0.0003267320
6.0;-0.6;0.0011000477;0.0005541702
6.2;-0.6;0.0016045546;0.0005269446
6.4;-0.6;0.0038653951;0.0009976052
6.6;-0.6;0.0047074829;0.0015222126
6.8;-0.6;0.0078575212;0.0015669856
7.0;-0.6;0.0110695733;0.0025624901
7.2;-0.6;0.0191842265;0.0032867779
7.4;-0.6;0.0247030259;0.0057302056
7.6;-0.6;0.0338315168;0.0054703535
7.8;-0.6;0.0491094569;0.0045422317
8.0;-0.6;0.0627164202;0.0063888654
8.2;-0.6;0.0823473779;0.0099583518
8.4;-0.6;0.1094221796;0.0086475785
8.6;-0.6;0.1453274716;0.0124383436
8.8;-0.6;0.1812178622;0.0138691216
9.0;-0.6;0.2235995478;0.0149552741
9.2;-0.6;0.2803555995;0.0212958789
9.4;-0.6;0.3311636279;0.0214893952
9.6;-0.6;0.3909242069;0.0189494865
9.8;-0.6;0.4532125029;0.0166130524
10.0;-0.6;0.5151192063;0.0145765485
10.2;-0.6;0.5804897892;0.0197095816
10.4;-0.6;0.6411200727;0.0175059006
10.6;-0.6;0.6985797551;0.0119622138
10.8;-0.6;0.7538942126;0.0142156766
3.0;-0.6;0.0000000000;0.0000000000
3.2;-0.6;0.0000000000;0.0000000001
3.4;-0.6;0.0000000014;0.0000000029
3.6;-0.6;0.0000000157;0.0000000252
3.8;-0.6;0.0000000715;0.0000001528
4.0;-0.6;0.0000005442;0.0000012559
4.2;-0.6;0.0000016123;0.0000026245
4.4;-0.6;0.0000059108;0.0000068938
4.6;-0.6;0.0000072806;0.0000102666
4.8;-0.6;0.0000252152;0.0000457047
5.0;-0.6;0.0000512007;0.0000702082
5.2;-0.6;0.0001186251;0.0001522534
5.4;-0.6;0.0002074746;0.0002749711
5.6;-0.6;0.0003830427;0.0001848652
5.8;-0.6;0.0007635260;0.0003975990
6.0;-0.6;0.0011149833;0.0006236086
6.2;-0.6;0.0022466332;0.0010178535
6.4;-0.6;0.0038162252;0.0012173206
6.6;-0.6;0.0042468705;0.0013331782
6.8;-0.6;0.0080450921;0.0020125618
7.0;-0.6;0.0119812271;0.0026805343
7.2;-0.6;0.0179340534;0.0040931249
7.4;-0.6;0.0241681652;0.0040646982
7.6;-0.6;0.0329720590;0.0056817219
7.8;-0.6;0.0506122162;0.0060927356
8.0;-0.6;0.0668869669;0.0046973158
8.2;-0.6;0.0884742390;0.0070622713
8.4;-0.6;0.1135261469;0.0102069400
8.6;-0.6;0.1470198263;0.0078900037
8.8;-0.6;0.1841997405;0.0134662657
9.0;-0.6;0.2326223287;0.0223973012
9.2;-0.6;0.2836980084;0.0181190703
9.4;-0.6;0.3385775102;0.0153104241
9.6;-0.6;0.3988656379;0.0242620916
9.8;-0.6;0.4585890616;0.0166237885
10.0;-0.6;0.5280076158;0.0175768862
10.2;-0.6;0.5854502449;0.0166047962
10.4;-0.6;0.6472086797;0.0173845735
10.6;-0.6;0.7027374323;0.0186698469
10.8;-0.6;0.7583239049;0.0148837513
3.0;-0.6;0.0000000000;0.0000000000
3.2;-0.6;0.0000000001;0.0000000002
3.4;-0.6;0.0000000000;0.0000000001
3.6;-0.6;0.0000000044;0.0000000047
3.8;-0.6;0.0000000244;0.0000000396
4.0;-0.6;0.0000002939;0.0000005132
4.2;-0.6;0.0000008525;0.0000011584
4.4;-0.6;0.0000020784;0.0000041489
4.6;-0.6;0.0000015875;0.0000019780
4.8;-0.6;0.0000104865;0.0000109844
5.0;-0.6;0.0000463630;0.0000655796
5.2;-0.6;0.0000541994;0.0000357628
5.4;-0.6;0.0001597031;0.0000945443
5.6;-0.6;0.0002988514;0.0003127260
5.8;-0.6;0.0009414097;0.0005049671
6.0;-0.6;0.0011653191;0.0006156308
6.2;-0.6;0.0015544093;0.0005473235
6.4;-0.6;0.0032265285;0.0010000594
6.6;-0.6;0.0046911892;0.0012111397
6.8;-0.6;0.0077239610;0.0020270166
7.0;-0.6;0.0109140997;0.0024253214
7.2;-0.6;0.0192096389;0.0020639078
7.4;-0.6;0.0271433303;0.0051320177
7.6;-0.6;0.0346008258;0.0052911102
7.8;-0.6;0.0515772164;0.0046877245
8.0;-0.6;0.0676731355;0.0058232830
8.2;-0.6;0.0916158813;0.0105019522
8.4;-0.6;0.1131662215;0.0104540283
8.6;-0.6;0.1509152684;0.0131508009
8.8;-0.6;0.1894859583;0.0133520167
9.0;-0.6;0.2360586436;0.0112026555
9.2;-0.6;0.2842651266;0.0157192853
9.4;-0.6;0.3441759870;0.0182507565
9.6;-0.6;0.4011186830;0.0256896636
9.8;-0.6;0.4686413338;0.0180898862
10.0;-0.6;0.5294894511;0.0145120473
10.2;-0.6;0.5961494225;0.0163668840
10.4;-0.6;0.6540920509;0.0152738258
10.6;-0.6;0.7079576545;0.0176896146
10.8;-0.6;0.7658602441;0.0152312535
