Nb_runs: 1 
N_traj: 1000 
n_disc: 10 
T_max: 10 
dt: 0.01 
mu: 0.03 
noise_factor: 0.1 
-10.0;-1.5;0.0000000000;0.0000000000
-8.0;-1.5;0.0000000000;0.0000000000
-6.0;-1.5;0.0000000000;0.0000000000
-4.0;-1.5;0.0000000000;0.0000000000
-2.0;-1.5;0.0000000000;0.0000000000
0.0;-1.5;0.0000000000;0.0000000000
2.0;-1.5;0.0000000000;0.0000000000
4.0;-1.5;0.0000002880;0.0000000000
6.0;-1.5;0.0014070558;0.0000000000
8.0;-1.5;0.0372573559;0.0000000000
10.0;-1.5;0.4044082326;0.0000000000
12.0;-1.5;0.8953355156;0.0000000000
14.0;-1.5;0.9970000000;0.0000000000
16.0;-1.5;1.0000000000;0.0000000000
18.0;-1.5;1.0000000000;0.0000000000
20.0;-1.5;1.0000000000;0.0000000000
22.0;-1.5;1.0000000000;0.0000000000
24.0;-1.5;1.0000000000;0.0000000000
26.0;-1.5;1.0000000000;0.0000000000
28.0;-1.5;1.0000000000;0.0000000000
30.0;-1.5;1.0000000000;0.0000000000
32.0;-1.5;1.0000000000;0.0000000000
34.0;-1.5;1.0000000000;0.0000000000
36.0;-1.5;1.0000000000;0.0000000000
38.0;-1.5;1.0000000000;0.0000000000
40.0;-1.5;1.0000000000;0.0000000000
42.0;-1.5;1.0000000000;0.0000000000
44.0;-1.5;1.0000000000;0.0000000000
46.0;-1.5;1.0000000000;0.0000000000
48.0;-1.5;1.0000000000;0.0000000000
50.0;-1.5;1.0000000000;0.0000000000
52.0;-1.5;1.0000000000;0.0000000000
54.0;-1.5;1.0000000000;0.0000000000
-10.0;-1.4;0.0000000000;0.0000000000
-8.0;-1.4;0.0000000000;0.0000000000
-6.0;-1.4;0.0000000000;0.0000000000
-4.0;-1.4;0.0000000000;0.0000000000
-2.0;-1.4;0.0000000000;0.0000000000
0.0;-1.4;0.0000000000;0.0000000000
2.0;-1.4;0.0000000000;0.0000000000
4.0;-1.4;0.0000028099;0.0000000000
6.0;-1.4;0.0015776554;0.0000000000
8.0;-1.4;0.0403569281;0.0000000000
10.0;-1.4;0.3987154854;0.0000000000
12.0;-1.4;0.8962298711;0.0000000000
14.0;-1.4;0.9970000000;0.0000000000
16.0;-1.4;1.0000000000;0.0000000000
18.0;-1.4;1.0000000000;0.0000000000
20.0;-1.4;1.0000000000;0.0000000000
22.0;-1.4;1.0000000000;0.0000000000
24.0;-1.4;1.0000000000;0.0000000000
26.0;-1.4;1.0000000000;0.0000000000
28.0;-1.4;1.0000000000;0.0000000000
30.0;-1.4;1.0000000000;0.0000000000
32.0;-1.4;1.0000000000;0.0000000000
34.0;-1.4;1.0000000000;0.0000000000
36.0;-1.4;1.0000000000;0.0000000000
38.0;-1.4;1.0000000000;0.0000000000
40.0;-1.4;1.0000000000;0.0000000000
42.0;-1.4;1.0000000000;0.0000000000
44.0;-1.4;1.0000000000;0.0000000000
46.0;-1.4;1.0000000000;0.0000000000
48.0;-1.4;1.0000000000;0.0000000000
50.0;-1.4;1.0000000000;0.0000000000
52.0;-1.4;1.0000000000;0.0000000000
54.0;-1.4;1.0000000000;0.0000000000
-10.0;-1.4;0.0000000000;0.0000000000
-8.0;-1.4;0.0000000000;0.0000000000
-6.0;-1.4;0.0000000000;0.0000000000
-4.0;-1.4;0.0000000000;0.0000000000
-2.0;-1.4;0.0000000000;0.0000000000
0.0;-1.4;0.0000000000;0.0000000000
2.0;-1.4;0.0000000000;0.0000000000
4.0;-1.4;0.0000045397;0.0000000000
6.0;-1.4;0.0006983879;0.0000000000
8.0;-1.4;0.0424539786;0.0000000000
10.0;-1.4;0.4010695287;0.0000000000
12.0;-1.4;0.8953282222;0.0000000000
14.0;-1.4;0.9970000000;0.0000000000
16.0;-1.4;1.0000000000;0.0000000000
18.0;-1.4;1.0000000000;0.0000000000
20.0;-1.4;1.0000000000;0.0000000000
22.0;-1.4;1.0000000000;0.0000000000
24.0;-1.4;1.0000000000;0.0000000000
26.0;-1.4;1.0000000000;0.0000000000
28.0;-1.4;1.0000000000;0.0000000000
30.0;-1.4;1.0000000000;0.0000000000
32.0;-1.4;1.0000000000;0.0000000000
34.0;-1.4;1.0000000000;0.0000000000
36.0;-1.4;1.0000000000;0.0000000000
38.0;-1.4;1.0000000000;0.0000000000
40.0;-1.4;1.0000000000;0.0000000000
42.0;-1.4;1.0000000000;0.0000000000
44.0;-1.4;1.0000000000;0.0000000000
46.0;-1.4;1.0000000000;0.0000000000
48.0;-1.4;1.0000000000;0.0000000000
50.0;-1.4;1.0000000000;0.0000000000
52.0;-1.4;1.0000000000;0.0000000000
54.0;-1.4;1.0000000000;0.0000000000
-10.0;-1.3;0.0000000000;0.0000000000
-8.0;-1.3;0.0000000000;0.0000000000
-6.0;-1.3;0.0000000000;0.0000000000
-4.0;-1.3;0.0000000000;0.0000000000
-2.0;-1.3;0.0000000000;0.0000000000
0.0;-1.3;0.0000000000;0.0000000000
2.0;-1.3;0.0000000000;0.0000000000
4.0;-1.3;0.0000001788;0.0000000000
6.0;-1.3;0.0013597537;0.0000000000
8.0;-1.3;0.0405928390;0.0000000000
10.0;-1.3;0.4085014524;0.0000000000
12.0;-1.3;0.8944238502;0.0000000000
14.0;-1.3;0.9980000000;0.0000000000
16.0;-1.3;1.0000000000;0.0000000000
18.0;-1.3;1.0000000000;0.0000000000
20.0;-1.3;1.0000000000;0.0000000000
22.0;-1.3;1.0000000000;0.0000000000
24.0;-1.3;1.0000000000;0.0000000000
26.0;-1.3;1.0000000000;0.0000000000
28.0;-1.3;1.0000000000;0.0000000000
30.0;-1.3;1.0000000000;0.0000000000
32.0;-1.3;1.0000000000;0.0000000000
34.0;-1.3;1.0000000000;0.0000000000
36.0;-1.3;1.0000000000;0.0000000000
38.0;-1.3;1.0000000000;0.0000000000
40.0;-1.3;1.0000000000;0.0000000000
42.0;-1.3;1.0000000000;0.0000000000
44.0;-1.3;1.0000000000;0.0000000000
46.0;-1.3;1.0000000000;0.0000000000
48.0;-1.3;1.0000000000;0.0000000000
50.0;-1.3;1.0000000000;0.0000000000
52.0;-1.3;1.0000000000;0.0000000000
54.0;-1.3;1.0000000000;0.0000000000
-10.0;-1.3;0.0000000000;0.0000000000
-8.0;-1.3;0.0000000000;0.0000000000
-6.0;-1.3;0.0000000000;0.0000000000
-4.0;-1.3;0.0000000000;0.0000000000
-2.0;-1.3;0.0000000000;0.0000000000
0.0;-1.3;0.0000000000;0.0000000000
2.0;-1.3;0.0000000000;0.0000000000
4.0;-1.3;0.0000000970;0.0000000000
6.0;-1.3;0.0009811085;0.0000000000
8.0;-1.3;0.0469948962;0.0000000000
10.0;-1.3;0.3974745799;0.0000000000
12.0;-1.3;0.8998546835;0.0000000000
14.0;-1.3;0.9980000000;0.0000000000
16.0;-1.3;1.0000000000;0.0000000000
18.0;-1.3;1.0000000000;0.0000000000
20.0;-1.3;1.0000000000;0.0000000000
22.0;-1.3;1.0000000000;0.0000000000
24.0;-1.3;1.0000000000;0.0000000000
26.0;-1.3;1.0000000000;0.0000000000
28.0;-1.3;1.0000000000;0.0000000000
30.0;-1.3;1.0000000000;0.0000000000
32.0;-1.3;1.0000000000;0.0000000000
34.0;-1.3;1.0000000000;0.0000000000
36.0;-1.3;1.0000000000;0.0000000000
38.0;-1.3;1.0000000000;0.0000000000
40.0;-1.3;1.0000000000;0.0000000000
42.0;-1.3;1.0000000000;0.0000000000
44.0;-1.3;1.0000000000;0.0000000000
46.0;-1.3;1.0000000000;0.0000000000
48.0;-1.3;1.0000000000;0.0000000000
50.0;-1.3;1.0000000000;0.0000000000
52.0;-1.3;1.0000000000;0.0000000000
54.0;-1.3;1.0000000000;0.0000000000
-10.0;-1.2;0.0000000000;0.0000000000
-8.0;-1.2;0.0000000000;0.0000000000
-6.0;-1.2;0.0000000000;0.0000000000
-4.0;-1.2;0.0000000000;0.0000000000
-2.0;-1.2;0.0000000000;0.0000000000
0.0;-1.2;0.0000000000;0.0000000000
2.0;-1.2;0.0000000000;0.0000000000
4.0;-1.2;0.0000000000;0.0000000000
6.0;-1.2;0.0003959367;0.0000000000
8.0;-1.2;0.0419702280;0.0000000000
10.0;-1.2;0.4059779924;0.0000000000
12.0;-1.2;0.9016689288;0.0000000000
14.0;-1.2;0.9980000000;0.0000000000
16.0;-1.2;1.0000000000;0.0000000000
18.0;-1.2;1.0000000000;0.0000000000
20.0;-1.2;1.0000000000;0.0000000000
22.0;-1.2;1.0000000000;0.0000000000
24.0;-1.2;1.0000000000;0.0000000000
26.0;-1.2;1.0000000000;0.0000000000
28.0;-1.2;1.0000000000;0.0000000000
30.0;-1.2;1.0000000000;0.0000000000
32.0;-1.2;1.0000000000;0.0000000000
34.0;-1.2;1.0000000000;0.0000000000
36.0;-1.2;1.0000000000;0.0000000000
38.0;-1.2;1.0000000000;0.0000000000
40.0;-1.2;1.0000000000;0.0000000000
42.0;-1.2;1.0000000000;0.0000000000
44.0;-1.2;1.0000000000;0.0000000000
46.0;-1.2;1.0000000000;0.0000000000
48.0;-1.2;1.0000000000;0.0000000000
50.0;-1.2;1.0000000000;0.0000000000
52.0;-1.2;1.0000000000;0.0000000000
54.0;-1.2;1.0000000000;0.0000000000
-10.0;-1.2;0.0000000000;0.0000000000
-8.0;-1.2;0.0000000000;0.0000000000
-6.0;-1.2;0.0000000000;0.0000000000
-4.0;-1.2;0.0000000000;0.0000000000
-2.0;-1.2;0.0000000000;0.0000000000
0.0;-1.2;0.0000000000;0.0000000000
2.0;-1.2;0.0000000000;0.0000000000
4.0;-1.2;0.0000000173;0.0000000000
6.0;-1.2;0.0011023620;0.0000000000
8.0;-1.2;0.0407598732;0.0000000000
10.0;-1.2;0.4135312055;0.0000000000
12.0;-1.2;0.9025650892;0.0000000000
14.0;-1.2;0.9990000000;0.0000000000
16.0;-1.2;1.0000000000;0.0000000000
18.0;-1.2;1.0000000000;0.0000000000
20.0;-1.2;1.0000000000;0.0000000000
22.0;-1.2;1.0000000000;0.0000000000
24.0;-1.2;1.0000000000;0.0000000000
26.0;-1.2;1.0000000000;0.0000000000
28.0;-1.2;1.0000000000;0.0000000000
30.0;-1.2;1.0000000000;0.0000000000
32.0;-1.2;1.0000000000;0.0000000000
34.0;-1.2;1.0000000000;0.0000000000
36.0;-1.2;1.0000000000;0.0000000000
38.0;-1.2;1.0000000000;0.0000000000
40.0;-1.2;1.0000000000;0.0000000000
42.0;-1.2;1.0000000000;0.0000000000
44.0;-1.2;1.0000000000;0.0000000000
46.0;-1.2;1.0000000000;0.0000000000
48.0;-1.2;1.0000000000;0.0000000000
50.0;-1.2;1.0000000000;0.0000000000
52.0;-1.2;1.0000000000;0.0000000000
54.0;-1.2;1.0000000000;0.0000000000
-10.0;-1.1;0.0000000000;0.0000000000
-8.0;-1.1;0.0000000000;0.0000000000
-6.0;-1.1;0.0000000000;0.0000000000
-4.0;-1.1;0.0000000000;0.0000000000
-2.0;-1.1;0.0000000000;0.0000000000
0.0;-1.1;0.0000000000;0.0000000000
2.0;-1.1;0.0000000000;0.0000000000
4.0;-1.1;0.0000002234;0.0000000000
6.0;-1.1;0.0021833686;0.0000000000
8.0;-1.1;0.0490842553;0.0000000000
10.0;-1.1;0.4202856461;0.0000000000
12.0;-1.1;0.9007298627;0.0000000000
14.0;-1.1;0.9990000000;0.0000000000
16.0;-1.1;1.0000000000;0.0000000000
18.0;-1.1;1.0000000000;0.0000000000
20.0;-1.1;1.0000000000;0.0000000000
22.0;-1.1;1.0000000000;0.0000000000
24.0;-1.1;1.0000000000;0.0000000000
26.0;-1.1;1.0000000000;0.0000000000
28.0;-1.1;1.0000000000;0.0000000000
30.0;-1.1;1.0000000000;0.0000000000
32.0;-1.1;1.0000000000;0.0000000000
34.0;-1.1;1.0000000000;0.0000000000
36.0;-1.1;1.0000000000;0.0000000000
38.0;-1.1;1.0000000000;0.0000000000
40.0;-1.1;1.0000000000;0.0000000000
42.0;-1.1;1.0000000000;0.0000000000
44.0;-1.1;1.0000000000;0.0000000000
46.0;-1.1;1.0000000000;0.0000000000
48.0;-1.1;1.0000000000;0.0000000000
50.0;-1.1;1.0000000000;0.0000000000
52.0;-1.1;1.0000000000;0.0000000000
54.0;-1.1;1.0000000000;0.0000000000
-10.0;-1.1;0.0000000000;0.0000000000
-8.0;-1.1;0.0000000000;0.0000000000
-6.0;-1.1;0.0000000000;0.0000000000
-4.0;-1.1;0.0000000000;0.0000000000
-2.0;-1.1;0.0000000000;0.0000000000
0.0;-1.1;0.0000000000;0.0000000000
2.0;-1.1;0.0000000000;0.0000000000
4.0;-1.1;0.0000009472;0.0000000000
6.0;-1.1;0.0008309822;0.0000000000
8.0;-1.1;0.0399796577;0.0000000000
10.0;-1.1;0.4249640765;0.0000000000
12.0;-1.1;0.9089376721;0.0000000000
14.0;-1.1;0.9990000000;0.0000000000
16.0;-1.1;1.0000000000;0.0000000000
18.0;-1.1;1.0000000000;0.0000000000
20.0;-1.1;1.0000000000;0.0000000000
22.0;-1.1;1.0000000000;0.0000000000
24.0;-1.1;1.0000000000;0.0000000000
26.0;-1.1;1.0000000000;0.0000000000
28.0;-1.1;1.0000000000;0.0000000000
30.0;-1.1;1.0000000000;0.0000000000
32.0;-1.1;1.0000000000;0.0000000000
34.0;-1.1;1.0000000000;0.0000000000
36.0;-1.1;1.0000000000;0.0000000000
38.0;-1.1;1.0000000000;0.0000000000
40.0;-1.1;1.0000000000;0.0000000000
42.0;-1.1;1.0000000000;0.0000000000
44.0;-1.1;1.0000000000;0.0000000000
46.0;-1.1;1.0000000000;0.0000000000
48.0;-1.1;1.0000000000;0.0000000000
50.0;-1.1;1.0000000000;0.0000000000
52.0;-1.1;1.0000000000;0.0000000000
54.0;-1.1;1.0000000000;0.0000000000
-10.0;-1.0;0.0000000000;0.0000000000
-8.0;-1.0;0.0000000000;0.0000000000
-6.0;-1.0;0.0000000000;0.0000000000
-4.0;-1.0;0.0000000000;0.0000000000
-2.0;-1.0;0.0000000000;0.0000000000
0.0;-1.0;0.0000000000;0.0000000000
2.0;-1.0;0.0000000000;0.0000000000
4.0;-1.0;0.0000027942;0.0000000000
6.0;-1.0;0.0006932467;0.0000000000
8.0;-1.0;0.0373891621;0.0000000000
10.0;-1.0;0.4126163471;0.0000000000
12.0;-1.0;0.9107610175;0.0000000000
14.0;-1.0;0.9990000000;0.0000000000
16.0;-1.0;1.0000000000;0.0000000000
18.0;-1.0;1.0000000000;0.0000000000
20.0;-1.0;1.0000000000;0.0000000000
22.0;-1.0;1.0000000000;0.0000000000
24.0;-1.0;1.0000000000;0.0000000000
26.0;-1.0;1.0000000000;0.0000000000
28.0;-1.0;1.0000000000;0.0000000000
30.0;-1.0;1.0000000000;0.0000000000
32.0;-1.0;1.0000000000;0.0000000000
34.0;-1.0;1.0000000000;0.0000000000
36.0;-1.0;1.0000000000;0.0000000000
38.0;-1.0;1.0000000000;0.0000000000
40.0;-1.0;1.0000000000;0.0000000000
42.0;-1.0;1.0000000000;0.0000000000
44.0;-1.0;1.0000000000;0.0000000000
46.0;-1.0;1.0000000000;0.0000000000
48.0;-1.0;1.0000000000;0.0000000000
50.0;-1.0;1.0000000000;0.0000000000
52.0;-1.0;1.0000000000;0.0000000000
54.0;-1.0;1.0000000000;0.0000000000
-10.0;-1.0;0.0000000000;0.0000000000
-8.0;-1.0;0.0000000000;0.0000000000
-6.0;-1.0;0.0000000000;0.0000000000
-4.0;-1.0;0.0000000000;0.0000000000
-2.0;-1.0;0.0000000000;0.0000000000
0.0;-1.0;0.0000000000;0.0000000000
2.0;-1.0;0.0000000000;0.0000000000
4.0;-1.0;0.0000000212;0.0000000000
6.0;-1.0;0.0009844821;0.0000000000
8.0;-1.0;0.0437122878;0.0000000000
10.0;-1.0;0.4226838643;0.0000000000
12.0;-1.0;0.9135070117;0.0000000000
14.0;-1.0;0.9990000000;0.0000000000
16.0;-1.0;1.0000000000;0.0000000000
18.0;-1.0;1.0000000000;0.0000000000
20.0;-1.0;1.0000000000;0.0000000000
22.0;-1.0;1.0000000000;0.0000000000
24.0;-1.0;1.0000000000;0.0000000000
26.0;-1.0;1.0000000000;0.0000000000
28.0;-1.0;1.0000000000;0.0000000000
30.0;-1.0;1.0000000000;0.0000000000
32.0;-1.0;1.0000000000;0.0000000000
34.0;-1.0;1.0000000000;0.0000000000
36.0;-1.0;1.0000000000;0.0000000000
38.0;-1.0;1.0000000000;0.0000000000
40.0;-1.0;1.0000000000;0.0000000000
42.0;-1.0;1.0000000000;0.0000000000
44.0;-1.0;1.0000000000;0.0000000000
46.0;-1.0;1.0000000000;0.0000000000
48.0;-1.0;1.0000000000;0.0000000000
50.0;-1.0;1.0000000000;0.0000000000
52.0;-1.0;1.0000000000;0.0000000000
54.0;-1.0;1.0000000000;0.0000000000
-10.0;-0.9;0.0000000000;0.0000000000
-8.0;-0.9;0.0000000000;0.0000000000
-6.0;-0.9;0.0000000000;0.0000000000
-4.0;-0.9;0.0000000000;0.0000000000
-2.0;-0.9;0.0000000000;0.0000000000
0.0;-0.9;0.0000000000;0.0000000000
2.0;-0.9;0.0000000000;0.0000000000
4.0;-0.9;0.0000000117;0.0000000000
6.0;-0.9;0.0006397607;0.0000000000
8.0;-0.9;0.0417798237;0.0000000000
10.0;-0.9;0.4407395641;0.0000000000
12.0;-0.9;0.9190397422;0.0000000000
14.0;-0.9;0.9990000000;0.0000000000
16.0;-0.9;1.0000000000;0.0000000000
18.0;-0.9;1.0000000000;0.0000000000
20.0;-0.9;1.0000000000;0.0000000000
22.0;-0.9;1.0000000000;0.0000000000
24.0;-0.9;1.0000000000;0.0000000000
26.0;-0.9;1.0000000000;0.0000000000
28.0;-0.9;1.0000000000;0.0000000000
30.0;-0.9;1.0000000000;0.0000000000
32.0;-0.9;1.0000000000;0.0000000000
34.0;-0.9;1.0000000000;0.0000000000
36.0;-0.9;1.0000000000;0.0000000000
38.0;-0.9;1.0000000000;0.0000000000
40.0;-0.9;1.0000000000;0.0000000000
42.0;-0.9;1.0000000000;0.0000000000
44.0;-0.9;1.0000000000;0.0000000000
46.0;-0.9;1.0000000000;0.0000000000
48.0;-0.9;1.0000000000;0.0000000000
50.0;-0.9;1.0000000000;0.0000000000
52.0;-0.9;1.0000000000;0.0000000000
54.0;-0.9;1.0000000000;0.0000000000
-10.0;-0.9;0.0000000000;0.0000000000
-8.0;-0.9;0.0000000000;0.0000000000
-6.0;-0.9;0.0000000000;0.0000000000
-4.0;-0.9;0.0000000000;0.0000000000
-2.0;-0.9;0.0000000000;0.0000000000
0.0;-0.9;0.0000000000;0.0000000000
2.0;-0.9;0.0000000000;0.0000000000
4.0;-0.9;0.0000355910;0.0000000000
6.0;-0.9;0.0007273586;0.0000000000
8.0;-0.9;0.0251088270;0.0000000000
10.0;-0.9;0.4269858879;0.0000000000
12.0;-0.9;0.9190211385;0.0000000000
14.0;-0.9;0.9990000000;0.0000000000
16.0;-0.9;1.0000000000;0.0000000000
18.0;-0.9;1.0000000000;0.0000000000
20.0;-0.9;1.0000000000;0.0000000000
22.0;-0.9;1.0000000000;0.0000000000
24.0;-0.9;1.0000000000;0.0000000000
26.0;-0.9;1.0000000000;0.0000000000
28.0;-0.9;1.0000000000;0.0000000000
30.0;-0.9;1.0000000000;0.0000000000
32.0;-0.9;1.0000000000;0.0000000000
34.0;-0.9;1.0000000000;0.0000000000
36.0;-0.9;1.0000000000;0.0000000000
38.0;-0.9;1.0000000000;0.0000000000
40.0;-0.9;1.0000000000;0.0000000000
42.0;-0.9;1.0000000000;0.0000000000
44.0;-0.9;1.0000000000;0.0000000000
46.0;-0.9;1.0000000000;0.0000000000
48.0;-0.9;1.0000000000;0.0000000000
50.0;-0.9;1.0000000000;0.0000000000
52.0;-0.9;1.0000000000;0.0000000000
54.0;-0.9;1.0000000000;0.0000000000
-10.0;-0.8;0.0000000000;0.0000000000
-8.0;-0.8;0.0000000000;0.0000000000
-6.0;-0.8;0.0000000000;0.0000000000
-4.0;-0.8;0.0000000000;0.0000000000
-2.0;-0.8;0.0000000000;0.0000000000
0.0;-0.8;0.0000000000;0.0000000000
2.0;-0.8;0.0000000000;0.0000000000
4.0;-0.8;0.0000000000;0.0000000000
6.0;-0.8;0.0015777696;0.0000000000
8.0;-0.8;0.0456256937;0.0000000000
10.0;-0.8;0.4344201182;0.0000000000
12.0;-0.8;0.9236748768;0.0000000000
14.0;-0.8;1.0000000000;0.0000000000
16.0;-0.8;1.0000000000;0.0000000000
18.0;-0.8;1.0000000000;0.0000000000
20.0;-0.8;1.0000000000;0.0000000000
22.0;-0.8;1.0000000000;0.0000000000
24.0;-0.8;1.0000000000;0.0000000000
26.0;-0.8;1.0000000000;0.0000000000
28.0;-0.8;1.0000000000;0.0000000000
30.0;-0.8;1.0000000000;0.0000000000
32.0;-0.8;1.0000000000;0.0000000000
34.0;-0.8;1.0000000000;0.0000000000
36.0;-0.8;1.0000000000;0.0000000000
38.0;-0.8;1.0000000000;0.0000000000
40.0;-0.8;1.0000000000;0.0000000000
42.0;-0.8;1.0000000000;0.0000000000
44.0;-0.8;1.0000000000;0.0000000000
46.0;-0.8;1.0000000000;0.0000000000
48.0;-0.8;1.0000000000;0.0000000000
50.0;-0.8;1.0000000000;0.0000000000
52.0;-0.8;1.0000000000;0.0000000000
54.0;-0.8;1.0000000000;0.0000000000
-10.0;-0.8;0.0000000000;0.0000000000
-8.0;-0.8;0.0000000000;0.0000000000
-6.0;-0.8;0.0000000000;0.0000000000
-4.0;-0.8;0.0000000000;0.0000000000
-2.0;-0.8;0.0000000000;0.0000000000
0.0;-0.8;0.0000000000;0.0000000000
2.0;-0.8;0.0000000048;0.0000000000
4.0;-0.8;0.0000008515;0.0000000000
6.0;-0.8;0.0009860746;0.0000000000
8.0;-0.8;0.0493192358;0.0000000000
10.0;-0.8;0.4449843405;0.0000000000
12.0;-0.8;0.9273852719;0.0000000000
14.0;-0.8;1.0000000000;0.0000000000
16.0;-0.8;1.0000000000;0.0000000000
18.0;-0.8;1.0000000000;0.0000000000
20.0;-0.8;1.0000000000;0.0000000000
22.0;-0.8;1.0000000000;0.0000000000
24.0;-0.8;1.0000000000;0.0000000000
26.0;-0.8;1.0000000000;0.0000000000
28.0;-0.8;1.0000000000;0.0000000000
30.0;-0.8;1.0000000000;0.0000000000
32.0;-0.8;1.0000000000;0.0000000000
34.0;-0.8;1.0000000000;0.0000000000
36.0;-0.8;1.0000000000;0.0000000000
38.0;-0.8;1.0000000000;0.0000000000
40.0;-0.8;1.0000000000;0.0000000000
42.0;-0.8;1.0000000000;0.0000000000
44.0;-0.8;1.0000000000;0.0000000000
46.0;-0.8;1.0000000000;0.0000000000
48.0;-0.8;1.0000000000;0.0000000000
50.0;-0.8;1.0000000000;0.0000000000
52.0;-0.8;1.0000000000;0.0000000000
54.0;-0.8;1.0000000000;0.0000000000
-10.0;-0.7;0.0000000000;0.0000000000
-8.0;-0.7;0.0000000000;0.0000000000
-6.0;-0.7;0.0000000000;0.0000000000
-4.0;-0.7;0.0000000000;0.0000000000
-2.0;-0.7;0.0000000000;0.0000000000
0.0;-0.7;0.0000000000;0.0000000000
2.0;-0.7;0.0000000000;0.0000000000
4.0;-0.7;0.0000000841;0.0000000000
6.0;-0.7;0.0009333764;0.0000000000
8.0;-0.7;0.0614080528;0.0000000000
10.0;-0.7;0.4761908949;0.0000000000
12.0;-0.7;0.9367670427;0.0000000000
14.0;-0.7;1.0000000000;0.0000000000
16.0;-0.7;1.0000000000;0.0000000000
18.0;-0.7;1.0000000000;0.0000000000
20.0;-0.7;1.0000000000;0.0000000000
22.0;-0.7;1.0000000000;0.0000000000
24.0;-0.7;1.0000000000;0.0000000000
26.0;-0.7;1.0000000000;0.0000000000
28.0;-0.7;1.0000000000;0.0000000000
30.0;-0.7;1.0000000000;0.0000000000
32.0;-0.7;1.0000000000;0.0000000000
34.0;-0.7;1.0000000000;0.0000000000
36.0;-0.7;1.0000000000;0.0000000000
38.0;-0.7;1.0000000000;0.0000000000
40.0;-0.7;1.0000000000;0.0000000000
42.0;-0.7;1.0000000000;0.0000000000
44.0;-0.7;1.0000000000;0.0000000000
46.0;-0.7;1.0000000000;0.0000000000
48.0;-0.7;1.0000000000;0.0000000000
50.0;-0.7;1.0000000000;0.0000000000
52.0;-0.7;1.0000000000;0.0000000000
54.0;-0.7;1.0000000000;0.0000000000
-10.0;-0.7;0.0000000000;0.0000000000
-8.0;-0.7;0.0000000000;0.0000000000
-6.0;-0.7;0.0000000000;0.0000000000
-4.0;-0.7;0.0000000000;0.0000000000
-2.0;-0.7;0.0000000000;0.0000000000
0.0;-0.7;0.0000000000;0.0000000000
2.0;-0.7;0.0000000000;0.0000000000
4.0;-0.7;0.0000032193;0.0000000000
6.0;-0.7;0.0007278711;0.0000000000
8.0;-0.7;0.0648334468;0.0000000000
10.0;-0.7;0.4835279131;0.0000000000
12.0;-0.7;0.9424292183;0.0000000000
14.0;-0.7;1.0000000000;0.0000000000
16.0;-0.7;1.0000000000;0.0000000000
18.0;-0.7;1.0000000000;0.0000000000
20.0;-0.7;1.0000000000;0.0000000000
22.0;-0.7;1.0000000000;0.0000000000
24.0;-0.7;1.0000000000;0.0000000000
26.0;-0.7;1.0000000000;0.0000000000
28.0;-0.7;1.0000000000;0.0000000000
30.0;-0.7;1.0000000000;0.0000000000
32.0;-0.7;1.0000000000;0.0000000000
34.0;-0.7;1.0000000000;0.0000000000
36.0;-0.7;1.0000000000;0.0000000000
38.0;-0.7;1.0000000000;0.0000000000
40.0;-0.7;1.0000000000;0.0000000000
42.0;-0.7;1.0000000000;0.0000000000
44.0;-0.7;1.0000000000;0.0000000000
46.0;-0.7;1.0000000000;0.0000000000
48.0;-0.7;1.0000000000;0.0000000000
50.0;-0.7;1.0000000000;0.0000000000
52.0;-0.7;1.0000000000;0.0000000000
54.0;-0.7;1.0000000000;0.0000000000
-10.0;-0.6;0.0000000000;0.0000000000
-8.0;-0.6;0.0000000000;0.0000000000
-6.0;-0.6;0.0000000000;0.0000000000
-4.0;-0.6;0.0000000000;0.0000000000
-2.0;-0.6;0.0000000000;0.0000000000
0.0;-0.6;0.0000000000;0.0000000000
2.0;-0.6;0.0000000000;0.0000000000
4.0;-0.6;0.0000003422;0.0000000000
6.0;-0.6;0.0016294348;0.0000000000
8.0;-0.6;0.0560738769;0.0000000000
10.0;-0.6;0.5100221096;0.0000000000
12.0;-0.6;0.9500284846;0.0000000000
14.0;-0.6;1.0000000000;0.0000000000
16.0;-0.6;1.0000000000;0.0000000000
18.0;-0.6;1.0000000000;0.0000000000
20.0;-0.6;1.0000000000;0.0000000000
22.0;-0.6;1.0000000000;0.0000000000
24.0;-0.6;1.0000000000;0.0000000000
26.0;-0.6;1.0000000000;0.0000000000
28.0;-0.6;1.0000000000;0.0000000000
30.0;-0.6;1.0000000000;0.0000000000
32.0;-0.6;1.0000000000;0.0000000000
34.0;-0.6;1.0000000000;0.0000000000
36.0;-0.6;1.0000000000;0.0000000000
38.0;-0.6;1.0000000000;0.0000000000
40.0;-0.6;1.0000000000;0.0000000000
42.0;-0.6;1.0000000000;0.0000000000
44.0;-0.6;1.0000000000;0.0000000000
46.0;-0.6;1.0000000000;0.0000000000
48.0;-0.6;1.0000000000;0.0000000000
50.0;-0.6;1.0000000000;0.0000000000
52.0;-0.6;1.0000000000;0.0000000000
54.0;-0.6;1.0000000000;0.0000000000
-10.0;-0.6;0.0000000000;0.0000000000
-8.0;-0.6;0.0000000000;0.0000000000
-6.0;-0.6;0.0000000000;0.0000000000
-4.0;-0.6;0.0000000000;0.0000000000
-2.0;-0.6;0.0000000000;0.0000000000
0.0;-0.6;0.0000000000;0.0000000000
2.0;-0.6;0.0000000000;0.0000000000
4.0;-0.6;0.0000000978;0.0000000000
6.0;-0.6;0.0014167926;0.0000000000
8.0;-0.6;0.0634407160;0.0000000000
10.0;-0.6;0.5506997052;0.0000000000
12.0;-0.6;0.9586660853;0.0000000000
14.0;-0.6;1.0000000000;0.0000000000
16.0;-0.6;1.0000000000;0.0000000000
18.0;-0.6;1.0000000000;0.0000000000
20.0;-0.6;1.0000000000;0.0000000000
22.0;-0.6;1.0000000000;0.0000000000
24.0;-0.6;1.0000000000;0.0000000000
26.0;-0.6;1.0000000000;0.0000000000
28.0;-0.6;1.0000000000;0.0000000000
30.0;-0.6;1.0000000000;0.0000000000
32.0;-0.6;1.0000000000;0.0000000000
34.0;-0.6;1.0000000000;0.0000000000
36.0;-0.6;1.0000000000;0.0000000000
38.0;-0.6;1.0000000000;0.0000000000
40.0;-0.6;1.0000000000;0.0000000000
42.0;-0.6;1.0000000000;0.0000000000
44.0;-0.6;1.0000000000;0.0000000000
46.0;-0.6;1.0000000000;0.0000000000
48.0;-0.6;1.0000000000;0.0000000000
50.0;-0.6;1.0000000000;0.0000000000
52.0;-0.6;1.0000000000;0.0000000000
54.0;-0.6;1.0000000000;0.0000000000
-10.0;-0.5;0.0000000000;0.0000000000
-8.0;-0.5;0.0000000000;0.0000000000
-6.0;-0.5;0.0000000000;0.0000000000
-4.0;-0.5;0.0000000000;0.0000000000
-2.0;-0.5;0.0000000000;0.0000000000
0.0;-0.5;0.0000000000;0.0000000000
2.0;-0.5;0.0000000000;0.0000000000
4.0;-0.5;0.0000000002;0.0000000000
6.0;-0.5;0.0008775711;0.0000000000
8.0;-0.5;0.0732812102;0.0000000000
10.0;-0.5;0.5926351142;0.0000000000
12.0;-0.5;0.9712791000;0.0000000000
14.0;-0.5;1.0000000000;0.0000000000
16.0;-0.5;1.0000000000;0.0000000000
18.0;-0.5;1.0000000000;0.0000000000
20.0;-0.5;1.0000000000;0.0000000000
22.0;-0.5;1.0000000000;0.0000000000
24.0;-0.5;1.0000000000;0.0000000000
26.0;-0.5;1.0000000000;0.0000000000
28.0;-0.5;1.0000000000;0.0000000000
30.0;-0.5;1.0000000000;0.0000000000
32.0;-0.5;1.0000000000;0.0000000000
34.0;-0.5;1.0000000000;0.0000000000
36.0;-0.5;1.0000000000;0.0000000000
38.0;-0.5;1.0000000000;0.0000000000
40.0;-0.5;1.0000000000;0.0000000000
42.0;-0.5;1.0000000000;0.0000000000
44.0;-0.5;1.0000000000;0.0000000000
46.0;-0.5;1.0000000000;0.0000000000
48.0;-0.5;1.0000000000;0.0000000000
50.0;-0.5;1.0000000000;0.0000000000
52.0;-0.5;1.0000000000;0.0000000000
54.0;-0.5;1.0000000000;0.0000000000
-10.0;-0.5;0.0000000000;0.0000000000
-8.0;-0.5;0.0000000000;0.0000000000
-6.0;-0.5;0.0000000000;0.0000000000
-4.0;-0.5;0.0000000000;0.0000000000
-2.0;-0.5;0.0000000000;0.0000000000
0.0;-0.5;0.0000000000;0.0000000000
2.0;-0.5;0.0000000000;0.0000000000
4.0;-0.5;0.0000000000;0.0000000000
6.0;-0.5;0.0010019300;0.0000000000
8.0;-0.5;0.1104544399;0.0000000000
10.0;-0.5;0.6748434017;0.0000000000
12.0;-0.5;0.9810900000;0.0000000000
14.0;-0.5;1.0000000000;0.0000000000
16.0;-0.5;1.0000000000;0.0000000000
18.0;-0.5;1.0000000000;0.0000000000
20.0;-0.5;1.0000000000;0.0000000000
22.0;-0.5;1.0000000000;0.0000000000
24.0;-0.5;1.0000000000;0.0000000000
26.0;-0.5;1.0000000000;0.0000000000
28.0;-0.5;1.0000000000;0.0000000000
30.0;-0.5;1.0000000000;0.0000000000
32.0;-0.5;1.0000000000;0.0000000000
34.0;-0.5;1.0000000000;0.0000000000
36.0;-0.5;1.0000000000;0.0000000000
38.0;-0.5;1.0000000000;0.0000000000
40.0;-0.5;1.0000000000;0.0000000000
42.0;-0.5;1.0000000000;0.0000000000
44.0;-0.5;1.0000000000;0.0000000000
46.0;-0.5;1.0000000000;0.0000000000
48.0;-0.5;1.0000000000;0.0000000000
50.0;-0.5;1.0000000000;0.0000000000
52.0;-0.5;1.0000000000;0.0000000000
54.0;-0.5;1.0000000000;0.0000000000
-10.0;-0.4;0.0000000000;0.0000000000
-8.0;-0.4;0.0000000000;0.0000000000
-6.0;-0.4;0.0000000000;0.0000000000
-4.0;-0.4;0.0000000000;0.0000000000
-2.0;-0.4;0.0000000000;0.0000000000
0.0;-0.4;0.0000000000;0.0000000000
2.0;-0.4;0.0000000000;0.0000000000
4.0;-0.4;0.0000000000;0.0000000000
6.0;-0.4;0.0006947345;0.0000000000
8.0;-0.4;0.1744078306;0.0000000000
10.0;-0.4;0.7515358990;0.0000000000
12.0;-0.4;0.9900000000;0.0000000000
14.0;-0.4;1.0000000000;0.0000000000
16.0;-0.4;1.0000000000;0.0000000000
18.0;-0.4;1.0000000000;0.0000000000
20.0;-0.4;1.0000000000;0.0000000000
22.0;-0.4;1.0000000000;0.0000000000
24.0;-0.4;1.0000000000;0.0000000000
26.0;-0.4;1.0000000000;0.0000000000
28.0;-0.4;1.0000000000;0.0000000000
30.0;-0.4;1.0000000000;0.0000000000
32.0;-0.4;1.0000000000;0.0000000000
34.0;-0.4;1.0000000000;0.0000000000
36.0;-0.4;1.0000000000;0.0000000000
38.0;-0.4;1.0000000000;0.0000000000
40.0;-0.4;1.0000000000;0.0000000000
42.0;-0.4;1.0000000000;0.0000000000
44.0;-0.4;1.0000000000;0.0000000000
46.0;-0.4;1.0000000000;0.0000000000
48.0;-0.4;1.0000000000;0.0000000000
50.0;-0.4;1.0000000000;0.0000000000
52.0;-0.4;1.0000000000;0.0000000000
54.0;-0.4;1.0000000000;0.0000000000
-10.0;-0.4;0.0000000000;0.0000000000
-8.0;-0.4;0.0000000000;0.0000000000
-6.0;-0.4;0.0000000000;0.0000000000
-4.0;-0.4;0.0000000000;0.0000000000
-2.0;-0.4;0.0000000000;0.0000000000
0.0;-0.4;0.0000000000;0.0000000000
2.0;-0.4;0.0000000000;0.0000000000
4.0;-0.4;0.0000000000;0.0000000000
6.0;-0.4;0.0011540493;0.0000000000
8.0;-0.4;0.2717329983;0.0000000000
10.0;-0.4;0.8420110519;0.0000000000
12.0;-0.4;0.9980000000;0.0000000000
14.0;-0.4;1.0000000000;0.0000000000
16.0;-0.4;1.0000000000;0.0000000000
18.0;-0.4;1.0000000000;0.0000000000
20.0;-0.4;1.0000000000;0.0000000000
22.0;-0.4;1.0000000000;0.0000000000
24.0;-0.4;1.0000000000;0.0000000000
26.0;-0.4;1.0000000000;0.0000000000
28.0;-0.4;1.0000000000;0.0000000000
30.0;-0.4;1.0000000000;0.0000000000
32.0;-0.4;1.0000000000;0.0000000000
34.0;-0.4;1.0000000000;0.0000000000
36.0;-0.4;1.0000000000;0.0000000000
38.0;-0.4;1.0000000000;0.0000000000
40.0;-0.4;1.0000000000;0.0000000000
42.0;-0.4;1.0000000000;0.0000000000
44.0;-0.4;1.0000000000;0.0000000000
46.0;-0.4;1.0000000000;0.0000000000
48.0;-0.4;1.0000000000;0.0000000000
50.0;-0.4;1.0000000000;0.0000000000
52.0;-0.4;1.0000000000;0.0000000000
54.0;-0.4;1.0000000000;0.0000000000
-10.0;-0.3;0.0000000000;0.0000000000
-8.0;-0.3;0.0000000000;0.0000000000
-6.0;-0.3;0.0000000000;0.0000000000
-4.0;-0.3;0.0000000000;0.0000000000
-2.0;-0.3;0.0000000000;0.0000000000
0.0;-0.3;0.0000000000;0.0000000000
2.0;-0.3;0.0000000000;0.0000000000
4.0;-0.3;0.0000000000;0.0000000000
6.0;-0.3;0.0068509640;0.0000000000
8.0;-0.3;0.4240592238;0.0000000000
10.0;-0.3;0.9153264503;0.0000000000
12.0;-0.3;1.0000000000;0.0000000000
14.0;-0.3;1.0000000000;0.0000000000
16.0;-0.3;1.0000000000;0.0000000000
18.0;-0.3;1.0000000000;0.0000000000
20.0;-0.3;1.0000000000;0.0000000000
22.0;-0.3;1.0000000000;0.0000000000
24.0;-0.3;1.0000000000;0.0000000000
26.0;-0.3;1.0000000000;0.0000000000
28.0;-0.3;1.0000000000;0.0000000000
30.0;-0.3;1.0000000000;0.0000000000
32.0;-0.3;1.0000000000;0.0000000000
34.0;-0.3;1.0000000000;0.0000000000
36.0;-0.3;1.0000000000;0.0000000000
38.0;-0.3;1.0000000000;0.0000000000
40.0;-0.3;1.0000000000;0.0000000000
42.0;-0.3;1.0000000000;0.0000000000
44.0;-0.3;1.0000000000;0.0000000000
46.0;-0.3;1.0000000000;0.0000000000
48.0;-0.3;1.0000000000;0.0000000000
50.0;-0.3;1.0000000000;0.0000000000
52.0;-0.3;1.0000000000;0.0000000000
54.0;-0.3;1.0000000000;0.0000000000
-10.0;-0.3;0.0000000000;0.0000000000
-8.0;-0.3;0.0000000000;0.0000000000
-6.0;-0.3;0.0000000000;0.0000000000
-4.0;-0.3;0.0000000000;0.0000000000
-2.0;-0.3;0.0000000000;0.0000000000
0.0;-0.3;0.0000000000;0.0000000000
2.0;-0.3;0.0000000000;0.0000000000
4.0;-0.3;0.0000005543;0.0000000000
6.0;-0.3;0.0576992521;0.0000000000
8.0;-0.3;0.6390374839;0.0000000000
10.0;-0.3;0.9519457974;0.0000000000
12.0;-0.3;1.0000000000;0.0000000000
14.0;-0.3;1.0000000000;0.0000000000
16.0;-0.3;1.0000000000;0.0000000000
18.0;-0.3;1.0000000000;0.0000000000
20.0;-0.3;1.0000000000;0.0000000000
22.0;-0.3;1.0000000000;0.0000000000
24.0;-0.3;1.0000000000;0.0000000000
26.0;-0.3;1.0000000000;0.0000000000
28.0;-0.3;1.0000000000;0.0000000000
30.0;-0.3;1.0000000000;0.0000000000
32.0;-0.3;1.0000000000;0.0000000000
34.0;-0.3;1.0000000000;0.0000000000
36.0;-0.3;1.0000000000;0.0000000000
38.0;-0.3;1.0000000000;0.0000000000
40.0;-0.3;1.0000000000;0.0000000000
42.0;-0.3;1.0000000000;0.0000000000
44.0;-0.3;1.0000000000;0.0000000000
46.0;-0.3;1.0000000000;0.0000000000
48.0;-0.3;1.0000000000;0.0000000000
50.0;-0.3;1.0000000000;0.0000000000
52.0;-0.3;1.0000000000;0.0000000000
54.0;-0.3;1.0000000000;0.0000000000
-10.0;-0.2;0.0000000000;0.0000000000
-8.0;-0.2;0.0000000000;0.0000000000
-6.0;-0.2;0.0000000000;0.0000000000
-4.0;-0.2;0.0000000000;0.0000000000
-2.0;-0.2;0.0000000000;0.0000000000
0.0;-0.2;0.0000000000;0.0000000000
2.0;-0.2;0.0000000000;0.0000000000
4.0;-0.2;0.0021206130;0.0000000000
6.0;-0.2;0.2702882496;0.0000000000
8.0;-0.2;0.8215352462;0.0000000000
10.0;-0.2;0.9890100000;0.0000000000
12.0;-0.2;1.0000000000;0.0000000000
14.0;-0.2;1.0000000000;0.0000000000
16.0;-0.2;1.0000000000;0.0000000000
18.0;-0.2;1.0000000000;0.0000000000
20.0;-0.2;1.0000000000;0.0000000000
22.0;-0.2;1.0000000000;0.0000000000
24.0;-0.2;1.0000000000;0.0000000000
26.0;-0.2;1.0000000000;0.0000000000
28.0;-0.2;1.0000000000;0.0000000000
30.0;-0.2;1.0000000000;0.0000000000
32.0;-0.2;1.0000000000;0.0000000000
34.0;-0.2;1.0000000000;0.0000000000
36.0;-0.2;1.0000000000;0.0000000000
38.0;-0.2;1.0000000000;0.0000000000
40.0;-0.2;1.0000000000;0.0000000000
42.0;-0.2;1.0000000000;0.0000000000
44.0;-0.2;1.0000000000;0.0000000000
46.0;-0.2;1.0000000000;0.0000000000
48.0;-0.2;1.0000000000;0.0000000000
50.0;-0.2;1.0000000000;0.0000000000
52.0;-0.2;1.0000000000;0.0000000000
54.0;-0.2;1.0000000000;0.0000000000
-10.0;-0.2;0.0000000000;0.0000000000
-8.0;-0.2;0.0000000000;0.0000000000
-6.0;-0.2;0.0000000000;0.0000000000
-4.0;-0.2;0.0000000000;0.0000000000
-2.0;-0.2;0.0000000000;0.0000000000
0.0;-0.2;0.0000000000;0.0000000000
2.0;-0.2;0.0000881757;0.0000000000
4.0;-0.2;0.0842559057;0.0000000000
6.0;-0.2;0.5922937608;0.0000000000
8.0;-0.2;0.9322027981;0.0000000000
10.0;-0.2;0.9980000000;0.0000000000
12.0;-0.2;1.0000000000;0.0000000000
14.0;-0.2;1.0000000000;0.0000000000
16.0;-0.2;1.0000000000;0.0000000000
18.0;-0.2;1.0000000000;0.0000000000
20.0;-0.2;1.0000000000;0.0000000000
22.0;-0.2;1.0000000000;0.0000000000
24.0;-0.2;1.0000000000;0.0000000000
26.0;-0.2;1.0000000000;0.0000000000
28.0;-0.2;1.0000000000;0.0000000000
30.0;-0.2;1.0000000000;0.0000000000
32.0;-0.2;1.0000000000;0.0000000000
34.0;-0.2;1.0000000000;0.0000000000
36.0;-0.2;1.0000000000;0.0000000000
38.0;-0.2;1.0000000000;0.0000000000
40.0;-0.2;1.0000000000;0.0000000000
42.0;-0.2;1.0000000000;0.0000000000
44.0;-0.2;1.0000000000;0.0000000000
46.0;-0.2;1.0000000000;0.0000000000
48.0;-0.2;1.0000000000;0.0000000000
50.0;-0.2;1.0000000000;0.0000000000
52.0;-0.2;1.0000000000;0.0000000000
54.0;-0.2;1.0000000000;0.0000000000
-10.0;-0.1;0.0000000000;0.0000000000
-8.0;-0.1;0.0000000000;0.0000000000
-6.0;-0.1;0.0000000000;0.0000000000
-4.0;-0.1;0.0000070000;0.0000000000
-2.0;-0.1;0.0000000000;0.0000000000
0.0;-0.1;0.0000017713;0.0000000000
2.0;-0.1;0.0267640565;0.0000000000
4.0;-0.1;0.4080339645;0.0000000000
6.0;-0.1;0.8476991040;0.0000000000
8.0;-0.1;0.9850000000;0.0000000000
10.0;-0.1;0.9990000000;0.0000000000
12.0;-0.1;1.0000000000;0.0000000000
14.0;-0.1;1.0000000000;0.0000000000
16.0;-0.1;1.0000000000;0.0000000000
18.0;-0.1;1.0000000000;0.0000000000
20.0;-0.1;1.0000000000;0.0000000000
22.0;-0.1;1.0000000000;0.0000000000
24.0;-0.1;1.0000000000;0.0000000000
26.0;-0.1;1.0000000000;0.0000000000
28.0;-0.1;1.0000000000;0.0000000000
30.0;-0.1;1.0000000000;0.0000000000
32.0;-0.1;1.0000000000;0.0000000000
34.0;-0.1;1.0000000000;0.0000000000
36.0;-0.1;1.0000000000;0.0000000000
38.0;-0.1;1.0000000000;0.0000000000
40.0;-0.1;1.0000000000;0.0000000000
42.0;-0.1;1.0000000000;0.0000000000
44.0;-0.1;1.0000000000;0.0000000000
46.0;-0.1;1.0000000000;0.0000000000
48.0;-0.1;1.0000000000;0.0000000000
50.0;-0.1;1.0000000000;0.0000000000
52.0;-0.1;1.0000000000;0.0000000000
54.0;-0.1;1.0000000000;0.0000000000
-10.0;-0.1;0.0000000000;0.0000000000
-8.0;-0.1;0.0000000000;0.0000000000
-6.0;-0.1;0.0000000000;0.0000000000
-4.0;-0.1;0.0000000000;0.0000000000
-2.0;-0.1;0.0000000265;0.0000000000
0.0;-0.1;0.0071209744;0.0000000000
2.0;-0.1;0.2659185796;0.0000000000
4.0;-0.1;0.7353000000;0.0000000000
6.0;-0.1;0.9530900000;0.0000000000
8.0;-0.1;0.9970000000;0.0000000000
10.0;-0.1;1.0000000000;0.0000000000
12.0;-0.1;1.0000000000;0.0000000000
14.0;-0.1;1.0000000000;0.0000000000
16.0;-0.1;1.0000000000;0.0000000000
18.0;-0.1;1.0000000000;0.0000000000
20.0;-0.1;1.0000000000;0.0000000000
22.0;-0.1;1.0000000000;0.0000000000
24.0;-0.1;1.0000000000;0.0000000000
26.0;-0.1;1.0000000000;0.0000000000
28.0;-0.1;1.0000000000;0.0000000000
30.0;-0.1;1.0000000000;0.0000000000
32.0;-0.1;1.0000000000;0.0000000000
34.0;-0.1;1.0000000000;0.0000000000
36.0;-0.1;1.0000000000;0.0000000000
38.0;-0.1;1.0000000000;0.0000000000
40.0;-0.1;1.0000000000;0.0000000000
42.0;-0.1;1.0000000000;0.0000000000
44.0;-0.1;1.0000000000;0.0000000000
46.0;-0.1;1.0000000000;0.0000000000
48.0;-0.1;1.0000000000;0.0000000000
50.0;-0.1;1.0000000000;0.0000000000
52.0;-0.1;1.0000000000;0.0000000000
54.0;-0.1;1.0000000000;0.0000000000
-10.0;-0.0;0.0000000000;0.0000000000
-8.0;-0.0;0.0000000000;0.0000000000
-6.0;-0.0;0.0000000000;0.0000000000
-4.0;-0.0;0.0000000003;0.0000000000
-2.0;-0.0;0.0019396694;0.0000000000
0.0;-0.0;0.1804281211;0.0000000000
2.0;-0.0;0.6511392360;0.0000000000
4.0;-0.0;0.9240000000;0.0000000000
6.0;-0.0;0.9890000000;0.0000000000
8.0;-0.0;0.9990000000;0.0000000000
10.0;-0.0;1.0000000000;0.0000000000
12.0;-0.0;1.0000000000;0.0000000000
14.0;-0.0;1.0000000000;0.0000000000
16.0;-0.0;1.0000000000;0.0000000000
18.0;-0.0;1.0000000000;0.0000000000
20.0;-0.0;1.0000000000;0.0000000000
22.0;-0.0;1.0000000000;0.0000000000
24.0;-0.0;1.0000000000;0.0000000000
26.0;-0.0;1.0000000000;0.0000000000
28.0;-0.0;1.0000000000;0.0000000000
30.0;-0.0;1.0000000000;0.0000000000
32.0;-0.0;1.0000000000;0.0000000000
34.0;-0.0;1.0000000000;0.0000000000
36.0;-0.0;1.0000000000;0.0000000000
38.0;-0.0;1.0000000000;0.0000000000
40.0;-0.0;1.0000000000;0.0000000000
42.0;-0.0;1.0000000000;0.0000000000
44.0;-0.0;1.0000000000;0.0000000000
46.0;-0.0;1.0000000000;0.0000000000
48.0;-0.0;1.0000000000;0.0000000000
50.0;-0.0;1.0000000000;0.0000000000
52.0;-0.0;1.0000000000;0.0000000000
54.0;-0.0;1.0000000000;0.0000000000
-10.0;0.0;0.0000000000;0.0000000000
-8.0;0.0;0.0000000000;0.0000000000
-6.0;0.0;0.0000000000;0.0000000000
-4.0;0.0;0.0004659365;0.0000000000
-2.0;0.0;0.1169544449;0.0000000000
0.0;0.0;0.5631880128;0.0000000000
2.0;0.0;0.9020000000;0.0000000000
4.0;0.0;0.9870000000;0.0000000000
6.0;0.0;0.9990000000;0.0000000000
8.0;0.0;1.0000000000;0.0000000000
10.0;0.0;1.0000000000;0.0000000000
12.0;0.0;1.0000000000;0.0000000000
14.0;0.0;1.0000000000;0.0000000000
16.0;0.0;1.0000000000;0.0000000000
18.0;0.0;1.0000000000;0.0000000000
20.0;0.0;1.0000000000;0.0000000000
22.0;0.0;1.0000000000;0.0000000000
24.0;0.0;1.0000000000;0.0000000000
26.0;0.0;1.0000000000;0.0000000000
28.0;0.0;1.0000000000;0.0000000000
30.0;0.0;1.0000000000;0.0000000000
32.0;0.0;1.0000000000;0.0000000000
34.0;0.0;1.0000000000;0.0000000000
36.0;0.0;1.0000000000;0.0000000000
38.0;0.0;1.0000000000;0.0000000000
40.0;0.0;1.0000000000;0.0000000000
42.0;0.0;1.0000000000;0.0000000000
44.0;0.0;1.0000000000;0.0000000000
46.0;0.0;1.0000000000;0.0000000000
48.0;0.0;1.0000000000;0.0000000000
50.0;0.0;1.0000000000;0.0000000000
52.0;0.0;1.0000000000;0.0000000000
54.0;0.0;1.0000000000;0.0000000000
-10.0;0.1;0.0000000000;0.0000000000
-8.0;0.1;0.0000000000;0.0000000000
-6.0;0.1;0.0000807276;0.0000000000
-4.0;0.1;0.0687502667;0.0000000000
-2.0;0.1;0.4821242467;0.0000000000
0.0;0.1;0.8640000000;0.0000000000
2.0;0.1;0.9750000000;0.0000000000
4.0;0.1;0.9950000000;0.0000000000
6.0;0.1;1.0000000000;0.0000000000
8.0;0.1;1.0000000000;0.0000000000
10.0;0.1;1.0000000000;0.0000000000
12.0;0.1;1.0000000000;0.0000000000
14.0;0.1;1.0000000000;0.0000000000
16.0;0.1;1.0000000000;0.0000000000
18.0;0.1;1.0000000000;0.0000000000
20.0;0.1;1.0000000000;0.0000000000
22.0;0.1;1.0000000000;0.0000000000
24.0;0.1;1.0000000000;0.0000000000
26.0;0.1;1.0000000000;0.0000000000
28.0;0.1;1.0000000000;0.0000000000
30.0;0.1;1.0000000000;0.0000000000
32.0;0.1;1.0000000000;0.0000000000
34.0;0.1;1.0000000000;0.0000000000
36.0;0.1;1.0000000000;0.0000000000
38.0;0.1;1.0000000000;0.0000000000
40.0;0.1;1.0000000000;0.0000000000
42.0;0.1;1.0000000000;0.0000000000
44.0;0.1;1.0000000000;0.0000000000
46.0;0.1;1.0000000000;0.0000000000
48.0;0.1;1.0000000000;0.0000000000
50.0;0.1;1.0000000000;0.0000000000
52.0;0.1;1.0000000000;0.0000000000
54.0;0.1;1.0000000000;0.0000000000
-10.0;0.1;0.0000000000;0.0000000000
-8.0;0.1;0.0000042445;0.0000000000
-6.0;0.1;0.0295424800;0.0000000000
-4.0;0.1;0.3986976479;0.0000000000
-2.0;0.1;0.8250000000;0.0000000000
0.0;0.1;0.9620000000;0.0000000000
2.0;0.1;0.9920000000;0.0000000000
4.0;0.1;0.9990000000;0.0000000000
6.0;0.1;1.0000000000;0.0000000000
8.0;0.1;1.0000000000;0.0000000000
10.0;0.1;1.0000000000;0.0000000000
12.0;0.1;1.0000000000;0.0000000000
14.0;0.1;1.0000000000;0.0000000000
16.0;0.1;1.0000000000;0.0000000000
18.0;0.1;1.0000000000;0.0000000000
20.0;0.1;1.0000000000;0.0000000000
22.0;0.1;1.0000000000;0.0000000000
24.0;0.1;1.0000000000;0.0000000000
26.0;0.1;1.0000000000;0.0000000000
28.0;0.1;1.0000000000;0.0000000000
30.0;0.1;1.0000000000;0.0000000000
32.0;0.1;1.0000000000;0.0000000000
34.0;0.1;1.0000000000;0.0000000000
36.0;0.1;1.0000000000;0.0000000000
38.0;0.1;1.0000000000;0.0000000000
40.0;0.1;1.0000000000;0.0000000000
42.0;0.1;1.0000000000;0.0000000000
44.0;0.1;1.0000000000;0.0000000000
46.0;0.1;1.0000000000;0.0000000000
48.0;0.1;1.0000000000;0.0000000000
50.0;0.1;1.0000000000;0.0000000000
52.0;0.1;1.0000000000;0.0000000000
54.0;0.1;1.0000000000;0.0000000000
-10.0;0.2;0.0000000470;0.0000000000
-8.0;0.2;0.0085031118;0.0000000000
-6.0;0.2;0.2814403968;0.0000000000
-4.0;0.2;0.7364880000;0.0000000000
-2.0;0.2;0.9390000000;0.0000000000
0.0;0.2;0.9910000000;0.0000000000
2.0;0.2;0.9990000000;0.0000000000
4.0;0.2;1.0000000000;0.0000000000
6.0;0.2;1.0000000000;0.0000000000
8.0;0.2;1.0000000000;0.0000000000
10.0;0.2;1.0000000000;0.0000000000
12.0;0.2;1.0000000000;0.0000000000
14.0;0.2;1.0000000000;0.0000000000
16.0;0.2;1.0000000000;0.0000000000
18.0;0.2;1.0000000000;0.0000000000
20.0;0.2;1.0000000000;0.0000000000
22.0;0.2;1.0000000000;0.0000000000
24.0;0.2;1.0000000000;0.0000000000
26.0;0.2;1.0000000000;0.0000000000
28.0;0.2;1.0000000000;0.0000000000
30.0;0.2;1.0000000000;0.0000000000
32.0;0.2;1.0000000000;0.0000000000
34.0;0.2;1.0000000000;0.0000000000
36.0;0.2;1.0000000000;0.0000000000
38.0;0.2;1.0000000000;0.0000000000
40.0;0.2;1.0000000000;0.0000000000
42.0;0.2;1.0000000000;0.0000000000
44.0;0.2;1.0000000000;0.0000000000
46.0;0.2;1.0000000000;0.0000000000
48.0;0.2;1.0000000000;0.0000000000
50.0;0.2;1.0000000000;0.0000000000
52.0;0.2;1.0000000000;0.0000000000
54.0;0.2;1.0000000000;0.0000000000
-10.0;0.2;0.0011563764;0.0000000000
-8.0;0.2;0.1512541880;0.0000000000
-6.0;0.2;0.6324659664;0.0000000000
-4.0;0.2;0.9200000000;0.0000000000
-2.0;0.2;0.9890000000;0.0000000000
0.0;0.2;0.9990000000;0.0000000000
2.0;0.2;1.0000000000;0.0000000000
4.0;0.2;1.0000000000;0.0000000000
6.0;0.2;1.0000000000;0.0000000000
8.0;0.2;1.0000000000;0.0000000000
10.0;0.2;1.0000000000;0.0000000000
12.0;0.2;1.0000000000;0.0000000000
14.0;0.2;1.0000000000;0.0000000000
16.0;0.2;1.0000000000;0.0000000000
18.0;0.2;1.0000000000;0.0000000000
20.0;0.2;1.0000000000;0.0000000000
22.0;0.2;1.0000000000;0.0000000000
24.0;0.2;1.0000000000;0.0000000000
26.0;0.2;1.0000000000;0.0000000000
28.0;0.2;1.0000000000;0.0000000000
30.0;0.2;1.0000000000;0.0000000000
32.0;0.2;1.0000000000;0.0000000000
34.0;0.2;1.0000000000;0.0000000000
36.0;0.2;1.0000000000;0.0000000000
38.0;0.2;1.0000000000;0.0000000000
40.0;0.2;1.0000000000;0.0000000000
42.0;0.2;1.0000000000;0.0000000000
44.0;0.2;1.0000000000;0.0000000000
46.0;0.2;1.0000000000;0.0000000000
48.0;0.2;1.0000000000;0.0000000000
50.0;0.2;1.0000000000;0.0000000000
52.0;0.2;1.0000000000;0.0000000000
54.0;0.2;1.0000000000;0.0000000000
-10.0;0.3;0.0456130464;0.0000000000
-8.0;0.3;0.4456359661;0.0000000000
-6.0;0.3;0.8592826810;0.0000000000
-4.0;0.3;0.9850000000;0.0000000000
-2.0;0.3;0.9990000000;0.0000000000
0.0;0.3;1.0000000000;0.0000000000
2.0;0.3;1.0000000000;0.0000000000
4.0;0.3;1.0000000000;0.0000000000
6.0;0.3;1.0000000000;0.0000000000
8.0;0.3;1.0000000000;0.0000000000
10.0;0.3;1.0000000000;0.0000000000
12.0;0.3;1.0000000000;0.0000000000
14.0;0.3;1.0000000000;0.0000000000
16.0;0.3;1.0000000000;0.0000000000
18.0;0.3;1.0000000000;0.0000000000
20.0;0.3;1.0000000000;0.0000000000
22.0;0.3;1.0000000000;0.0000000000
24.0;0.3;1.0000000000;0.0000000000
26.0;0.3;1.0000000000;0.0000000000
28.0;0.3;1.0000000000;0.0000000000
30.0;0.3;1.0000000000;0.0000000000
32.0;0.3;1.0000000000;0.0000000000
34.0;0.3;1.0000000000;0.0000000000
36.0;0.3;1.0000000000;0.0000000000
38.0;0.3;1.0000000000;0.0000000000
40.0;0.3;1.0000000000;0.0000000000
42.0;0.3;1.0000000000;0.0000000000
44.0;0.3;1.0000000000;0.0000000000
46.0;0.3;1.0000000000;0.0000000000
48.0;0.3;1.0000000000;0.0000000000
50.0;0.3;1.0000000000;0.0000000000
52.0;0.3;1.0000000000;0.0000000000
54.0;0.3;1.0000000000;0.0000000000
-10.0;0.3;0.1965169233;0.0000000000
-8.0;0.3;0.6730811421;0.0000000000
-6.0;0.3;0.9390847752;0.0000000000
-4.0;0.3;0.9940000000;0.0000000000
-2.0;0.3;1.0000000000;0.0000000000
0.0;0.3;1.0000000000;0.0000000000
2.0;0.3;1.0000000000;0.0000000000
4.0;0.3;1.0000000000;0.0000000000
6.0;0.3;1.0000000000;0.0000000000
8.0;0.3;1.0000000000;0.0000000000
10.0;0.3;1.0000000000;0.0000000000
12.0;0.3;1.0000000000;0.0000000000
14.0;0.3;1.0000000000;0.0000000000
16.0;0.3;1.0000000000;0.0000000000
18.0;0.3;1.0000000000;0.0000000000
20.0;0.3;1.0000000000;0.0000000000
22.0;0.3;1.0000000000;0.0000000000
24.0;0.3;1.0000000000;0.0000000000
26.0;0.3;1.0000000000;0.0000000000
28.0;0.3;1.0000000000;0.0000000000
30.0;0.3;1.0000000000;0.0000000000
32.0;0.3;1.0000000000;0.0000000000
34.0;0.3;1.0000000000;0.0000000000
36.0;0.3;1.0000000000;0.0000000000
38.0;0.3;1.0000000000;0.0000000000
40.0;0.3;1.0000000000;0.0000000000
42.0;0.3;1.0000000000;0.0000000000
44.0;0.3;1.0000000000;0.0000000000
46.0;0.3;1.0000000000;0.0000000000
48.0;0.3;1.0000000000;0.0000000000
50.0;0.3;1.0000000000;0.0000000000
52.0;0.3;1.0000000000;0.0000000000
54.0;0.3;1.0000000000;0.0000000000
-10.0;0.4;0.3502601494;0.0000000000
-8.0;0.4;0.7756398157;0.0000000000
-6.0;0.4;0.9663469200;0.0000000000
-4.0;0.4;0.9990000000;0.0000000000
-2.0;0.4;1.0000000000;0.0000000000
0.0;0.4;1.0000000000;0.0000000000
2.0;0.4;1.0000000000;0.0000000000
4.0;0.4;1.0000000000;0.0000000000
6.0;0.4;1.0000000000;0.0000000000
8.0;0.4;1.0000000000;0.0000000000
10.0;0.4;1.0000000000;0.0000000000
12.0;0.4;1.0000000000;0.0000000000
14.0;0.4;1.0000000000;0.0000000000
16.0;0.4;1.0000000000;0.0000000000
18.0;0.4;1.0000000000;0.0000000000
20.0;0.4;1.0000000000;0.0000000000
22.0;0.4;1.0000000000;0.0000000000
24.0;0.4;1.0000000000;0.0000000000
26.0;0.4;1.0000000000;0.0000000000
28.0;0.4;1.0000000000;0.0000000000
30.0;0.4;1.0000000000;0.0000000000
32.0;0.4;1.0000000000;0.0000000000
34.0;0.4;1.0000000000;0.0000000000
36.0;0.4;1.0000000000;0.0000000000
38.0;0.4;1.0000000000;0.0000000000
40.0;0.4;1.0000000000;0.0000000000
42.0;0.4;1.0000000000;0.0000000000
44.0;0.4;1.0000000000;0.0000000000
46.0;0.4;1.0000000000;0.0000000000
48.0;0.4;1.0000000000;0.0000000000
50.0;0.4;1.0000000000;0.0000000000
52.0;0.4;1.0000000000;0.0000000000
54.0;0.4;1.0000000000;0.0000000000
-10.0;0.4;0.4686381532;0.0000000000
-8.0;0.4;0.8285598462;0.0000000000
-6.0;0.4;0.9751995000;0.0000000000
-4.0;0.4;1.0000000000;0.0000000000
-2.0;0.4;1.0000000000;0.0000000000
0.0;0.4;1.0000000000;0.0000000000
2.0;0.4;1.0000000000;0.0000000000
4.0;0.4;1.0000000000;0.0000000000
6.0;0.4;1.0000000000;0.0000000000
8.0;0.4;1.0000000000;0.0000000000
10.0;0.4;1.0000000000;0.0000000000
12.0;0.4;1.0000000000;0.0000000000
14.0;0.4;1.0000000000;0.0000000000
16.0;0.4;1.0000000000;0.0000000000
18.0;0.4;1.0000000000;0.0000000000
20.0;0.4;1.0000000000;0.0000000000
22.0;0.4;1.0000000000;0.0000000000
24.0;0.4;1.0000000000;0.0000000000
26.0;0.4;1.0000000000;0.0000000000
28.0;0.4;1.0000000000;0.0000000000
30.0;0.4;1.0000000000;0.0000000000
32.0;0.4;1.0000000000;0.0000000000
34.0;0.4;1.0000000000;0.0000000000
36.0;0.4;1.0000000000;0.0000000000
38.0;0.4;1.0000000000;0.0000000000
40.0;0.4;1.0000000000;0.0000000000
42.0;0.4;1.0000000000;0.0000000000
44.0;0.4;1.0000000000;0.0000000000
46.0;0.4;1.0000000000;0.0000000000
48.0;0.4;1.0000000000;0.0000000000
50.0;0.4;1.0000000000;0.0000000000
52.0;0.4;1.0000000000;0.0000000000
54.0;0.4;1.0000000000;0.0000000000
-10.0;0.5;0.4932674407;0.0000000000
-8.0;0.5;0.8336276316;0.0000000000
-6.0;0.5;0.9761796000;0.0000000000
-4.0;0.5;1.0000000000;0.0000000000
-2.0;0.5;1.0000000000;0.0000000000
0.0;0.5;1.0000000000;0.0000000000
2.0;0.5;1.0000000000;0.0000000000
4.0;0.5;1.0000000000;0.0000000000
6.0;0.5;1.0000000000;0.0000000000
8.0;0.5;1.0000000000;0.0000000000
10.0;0.5;1.0000000000;0.0000000000
12.0;0.5;1.0000000000;0.0000000000
14.0;0.5;1.0000000000;0.0000000000
16.0;0.5;1.0000000000;0.0000000000
18.0;0.5;1.0000000000;0.0000000000
20.0;0.5;1.0000000000;0.0000000000
22.0;0.5;1.0000000000;0.0000000000
24.0;0.5;1.0000000000;0.0000000000
26.0;0.5;1.0000000000;0.0000000000
28.0;0.5;1.0000000000;0.0000000000
30.0;0.5;1.0000000000;0.0000000000
32.0;0.5;1.0000000000;0.0000000000
34.0;0.5;1.0000000000;0.0000000000
36.0;0.5;1.0000000000;0.0000000000
38.0;0.5;1.0000000000;0.0000000000
40.0;0.5;1.0000000000;0.0000000000
42.0;0.5;1.0000000000;0.0000000000
44.0;0.5;1.0000000000;0.0000000000
46.0;0.5;1.0000000000;0.0000000000
48.0;0.5;1.0000000000;0.0000000000
50.0;0.5;1.0000000000;0.0000000000
52.0;0.5;1.0000000000;0.0000000000
54.0;0.5;1.0000000000;0.0000000000
-10.0;0.5;0.5200203930;0.0000000000
-8.0;0.5;0.8463395690;0.0000000000
-6.0;0.5;0.9761796000;0.0000000000
-4.0;0.5;1.0000000000;0.0000000000
-2.0;0.5;1.0000000000;0.0000000000
0.0;0.5;1.0000000000;0.0000000000
2.0;0.5;1.0000000000;0.0000000000
4.0;0.5;1.0000000000;0.0000000000
6.0;0.5;1.0000000000;0.0000000000
8.0;0.5;1.0000000000;0.0000000000
10.0;0.5;1.0000000000;0.0000000000
12.0;0.5;1.0000000000;0.0000000000
14.0;0.5;1.0000000000;0.0000000000
16.0;0.5;1.0000000000;0.0000000000
18.0;0.5;1.0000000000;0.0000000000
20.0;0.5;1.0000000000;0.0000000000
22.0;0.5;1.0000000000;0.0000000000
24.0;0.5;1.0000000000;0.0000000000
26.0;0.5;1.0000000000;0.0000000000
28.0;0.5;1.0000000000;0.0000000000
30.0;0.5;1.0000000000;0.0000000000
32.0;0.5;1.0000000000;0.0000000000
34.0;0.5;1.0000000000;0.0000000000
36.0;0.5;1.0000000000;0.0000000000
38.0;0.5;1.0000000000;0.0000000000
40.0;0.5;1.0000000000;0.0000000000
42.0;0.5;1.0000000000;0.0000000000
44.0;0.5;1.0000000000;0.0000000000
46.0;0.5;1.0000000000;0.0000000000
48.0;0.5;1.0000000000;0.0000000000
50.0;0.5;1.0000000000;0.0000000000
52.0;0.5;1.0000000000;0.0000000000
54.0;0.5;1.0000000000;0.0000000000
-10.0;0.6;0.5387056649;0.0000000000
-8.0;0.6;0.8437869202;0.0000000000
-6.0;0.6;0.9771597000;0.0000000000
-4.0;0.6;1.0000000000;0.0000000000
-2.0;0.6;1.0000000000;0.0000000000
0.0;0.6;1.0000000000;0.0000000000
2.0;0.6;1.0000000000;0.0000000000
4.0;0.6;1.0000000000;0.0000000000
6.0;0.6;1.0000000000;0.0000000000
8.0;0.6;1.0000000000;0.0000000000
10.0;0.6;1.0000000000;0.0000000000
12.0;0.6;1.0000000000;0.0000000000
14.0;0.6;1.0000000000;0.0000000000
16.0;0.6;1.0000000000;0.0000000000
18.0;0.6;1.0000000000;0.0000000000
20.0;0.6;1.0000000000;0.0000000000
22.0;0.6;1.0000000000;0.0000000000
24.0;0.6;1.0000000000;0.0000000000
26.0;0.6;1.0000000000;0.0000000000
28.0;0.6;1.0000000000;0.0000000000
30.0;0.6;1.0000000000;0.0000000000
32.0;0.6;1.0000000000;0.0000000000
34.0;0.6;1.0000000000;0.0000000000
36.0;0.6;1.0000000000;0.0000000000
38.0;0.6;1.0000000000;0.0000000000
40.0;0.6;1.0000000000;0.0000000000
42.0;0.6;1.0000000000;0.0000000000
44.0;0.6;1.0000000000;0.0000000000
46.0;0.6;1.0000000000;0.0000000000
48.0;0.6;1.0000000000;0.0000000000
50.0;0.6;1.0000000000;0.0000000000
52.0;0.6;1.0000000000;0.0000000000
54.0;0.6;1.0000000000;0.0000000000
-10.0;0.6;0.5436356789;0.0000000000
-8.0;0.6;0.8454538486;0.0000000000
-6.0;0.6;0.9771597000;0.0000000000
-4.0;0.6;1.0000000000;0.0000000000
-2.0;0.6;1.0000000000;0.0000000000
0.0;0.6;1.0000000000;0.0000000000
2.0;0.6;1.0000000000;0.0000000000
4.0;0.6;1.0000000000;0.0000000000
6.0;0.6;1.0000000000;0.0000000000
8.0;0.6;1.0000000000;0.0000000000
10.0;0.6;1.0000000000;0.0000000000
12.0;0.6;1.0000000000;0.0000000000
14.0;0.6;1.0000000000;0.0000000000
16.0;0.6;1.0000000000;0.0000000000
18.0;0.6;1.0000000000;0.0000000000
20.0;0.6;1.0000000000;0.0000000000
22.0;0.6;1.0000000000;0.0000000000
24.0;0.6;1.0000000000;0.0000000000
26.0;0.6;1.0000000000;0.0000000000
28.0;0.6;1.0000000000;0.0000000000
30.0;0.6;1.0000000000;0.0000000000
32.0;0.6;1.0000000000;0.0000000000
34.0;0.6;1.0000000000;0.0000000000
36.0;0.6;1.0000000000;0.0000000000
38.0;0.6;1.0000000000;0.0000000000
40.0;0.6;1.0000000000;0.0000000000
42.0;0.6;1.0000000000;0.0000000000
44.0;0.6;1.0000000000;0.0000000000
46.0;0.6;1.0000000000;0.0000000000
48.0;0.6;1.0000000000;0.0000000000
50.0;0.6;1.0000000000;0.0000000000
52.0;0.6;1.0000000000;0.0000000000
54.0;0.6;1.0000000000;0.0000000000
-10.0;0.7;0.5430849711;0.0000000000
-8.0;0.7;0.8429286036;0.0000000000
-6.0;0.7;0.9791199000;0.0000000000
-4.0;0.7;1.0000000000;0.0000000000
-2.0;0.7;1.0000000000;0.0000000000
0.0;0.7;1.0000000000;0.0000000000
2.0;0.7;1.0000000000;0.0000000000
4.0;0.7;1.0000000000;0.0000000000
6.0;0.7;1.0000000000;0.0000000000
8.0;0.7;1.0000000000;0.0000000000
10.0;0.7;1.0000000000;0.0000000000
12.0;0.7;1.0000000000;0.0000000000
14.0;0.7;1.0000000000;0.0000000000
16.0;0.7;1.0000000000;0.0000000000
18.0;0.7;1.0000000000;0.0000000000
20.0;0.7;1.0000000000;0.0000000000
22.0;0.7;1.0000000000;0.0000000000
24.0;0.7;1.0000000000;0.0000000000
26.0;0.7;1.0000000000;0.0000000000
28.0;0.7;1.0000000000;0.0000000000
30.0;0.7;1.0000000000;0.0000000000
32.0;0.7;1.0000000000;0.0000000000
34.0;0.7;1.0000000000;0.0000000000
36.0;0.7;1.0000000000;0.0000000000
38.0;0.7;1.0000000000;0.0000000000
40.0;0.7;1.0000000000;0.0000000000
42.0;0.7;1.0000000000;0.0000000000
44.0;0.7;1.0000000000;0.0000000000
46.0;0.7;1.0000000000;0.0000000000
48.0;0.7;1.0000000000;0.0000000000
50.0;0.7;1.0000000000;0.0000000000
52.0;0.7;1.0000000000;0.0000000000
54.0;0.7;1.0000000000;0.0000000000
-10.0;0.7;0.5519093878;0.0000000000
-8.0;0.7;0.8429294654;0.0000000000
-6.0;0.7;0.9791199000;0.0000000000
-4.0;0.7;1.0000000000;0.0000000000
-2.0;0.7;1.0000000000;0.0000000000
0.0;0.7;1.0000000000;0.0000000000
2.0;0.7;1.0000000000;0.0000000000
4.0;0.7;1.0000000000;0.0000000000
6.0;0.7;1.0000000000;0.0000000000
8.0;0.7;1.0000000000;0.0000000000
10.0;0.7;1.0000000000;0.0000000000
12.0;0.7;1.0000000000;0.0000000000
14.0;0.7;1.0000000000;0.0000000000
16.0;0.7;1.0000000000;0.0000000000
18.0;0.7;1.0000000000;0.0000000000
20.0;0.7;1.0000000000;0.0000000000
22.0;0.7;1.0000000000;0.0000000000
24.0;0.7;1.0000000000;0.0000000000
26.0;0.7;1.0000000000;0.0000000000
28.0;0.7;1.0000000000;0.0000000000
30.0;0.7;1.0000000000;0.0000000000
32.0;0.7;1.0000000000;0.0000000000
34.0;0.7;1.0000000000;0.0000000000
36.0;0.7;1.0000000000;0.0000000000
38.0;0.7;1.0000000000;0.0000000000
40.0;0.7;1.0000000000;0.0000000000
42.0;0.7;1.0000000000;0.0000000000
44.0;0.7;1.0000000000;0.0000000000
46.0;0.7;1.0000000000;0.0000000000
48.0;0.7;1.0000000000;0.0000000000
50.0;0.7;1.0000000000;0.0000000000
52.0;0.7;1.0000000000;0.0000000000
54.0;0.7;1.0000000000;0.0000000000
-10.0;0.8;0.5413873966;0.0000000000
-8.0;0.8;0.8454838162;0.0000000000
-6.0;0.8;0.9810900000;0.0000000000
-4.0;0.8;1.0000000000;0.0000000000
-2.0;0.8;1.0000000000;0.0000000000
0.0;0.8;1.0000000000;0.0000000000
2.0;0.8;1.0000000000;0.0000000000
4.0;0.8;1.0000000000;0.0000000000
6.0;0.8;1.0000000000;0.0000000000
8.0;0.8;1.0000000000;0.0000000000
10.0;0.8;1.0000000000;0.0000000000
12.0;0.8;1.0000000000;0.0000000000
14.0;0.8;1.0000000000;0.0000000000
16.0;0.8;1.0000000000;0.0000000000
18.0;0.8;1.0000000000;0.0000000000
20.0;0.8;1.0000000000;0.0000000000
22.0;0.8;1.0000000000;0.0000000000
24.0;0.8;1.0000000000;0.0000000000
26.0;0.8;1.0000000000;0.0000000000
28.0;0.8;1.0000000000;0.0000000000
30.0;0.8;1.0000000000;0.0000000000
32.0;0.8;1.0000000000;0.0000000000
34.0;0.8;1.0000000000;0.0000000000
36.0;0.8;1.0000000000;0.0000000000
38.0;0.8;1.0000000000;0.0000000000
40.0;0.8;1.0000000000;0.0000000000
42.0;0.8;1.0000000000;0.0000000000
44.0;0.8;1.0000000000;0.0000000000
46.0;0.8;1.0000000000;0.0000000000
48.0;0.8;1.0000000000;0.0000000000
50.0;0.8;1.0000000000;0.0000000000
52.0;0.8;1.0000000000;0.0000000000
54.0;0.8;1.0000000000;0.0000000000
-10.0;0.8;0.5397801855;0.0000000000
-8.0;0.8;0.8480192787;0.0000000000
-6.0;0.8;0.9820800000;0.0000000000
-4.0;0.8;1.0000000000;0.0000000000
-2.0;0.8;1.0000000000;0.0000000000
0.0;0.8;1.0000000000;0.0000000000
2.0;0.8;1.0000000000;0.0000000000
4.0;0.8;1.0000000000;0.0000000000
6.0;0.8;1.0000000000;0.0000000000
8.0;0.8;1.0000000000;0.0000000000
10.0;0.8;1.0000000000;0.0000000000
12.0;0.8;1.0000000000;0.0000000000
14.0;0.8;1.0000000000;0.0000000000
16.0;0.8;1.0000000000;0.0000000000
18.0;0.8;1.0000000000;0.0000000000
20.0;0.8;1.0000000000;0.0000000000
22.0;0.8;1.0000000000;0.0000000000
24.0;0.8;1.0000000000;0.0000000000
26.0;0.8;1.0000000000;0.0000000000
28.0;0.8;1.0000000000;0.0000000000
30.0;0.8;1.0000000000;0.0000000000
32.0;0.8;1.0000000000;0.0000000000
34.0;0.8;1.0000000000;0.0000000000
36.0;0.8;1.0000000000;0.0000000000
38.0;0.8;1.0000000000;0.0000000000
40.0;0.8;1.0000000000;0.0000000000
42.0;0.8;1.0000000000;0.0000000000
44.0;0.8;1.0000000000;0.0000000000
46.0;0.8;1.0000000000;0.0000000000
48.0;0.8;1.0000000000;0.0000000000
50.0;0.8;1.0000000000;0.0000000000
52.0;0.8;1.0000000000;0.0000000000
54.0;0.8;1.0000000000;0.0000000000
-10.0;0.9;0.5541150308;0.0000000000
-8.0;0.9;0.8471824410;0.0000000000
-6.0;0.9;0.9820800000;0.0000000000
-4.0;0.9;1.0000000000;0.0000000000
-2.0;0.9;1.0000000000;0.0000000000
0.0;0.9;1.0000000000;0.0000000000
2.0;0.9;1.0000000000;0.0000000000
4.0;0.9;1.0000000000;0.0000000000
6.0;0.9;1.0000000000;0.0000000000
8.0;0.9;1.0000000000;0.0000000000
10.0;0.9;1.0000000000;0.0000000000
12.0;0.9;1.0000000000;0.0000000000
14.0;0.9;1.0000000000;0.0000000000
16.0;0.9;1.0000000000;0.0000000000
18.0;0.9;1.0000000000;0.0000000000
20.0;0.9;1.0000000000;0.0000000000
22.0;0.9;1.0000000000;0.0000000000
24.0;0.9;1.0000000000;0.0000000000
26.0;0.9;1.0000000000;0.0000000000
28.0;0.9;1.0000000000;0.0000000000
30.0;0.9;1.0000000000;0.0000000000
32.0;0.9;1.0000000000;0.0000000000
34.0;0.9;1.0000000000;0.0000000000
36.0;0.9;1.0000000000;0.0000000000
38.0;0.9;1.0000000000;0.0000000000
40.0;0.9;1.0000000000;0.0000000000
42.0;0.9;1.0000000000;0.0000000000
44.0;0.9;1.0000000000;0.0000000000
46.0;0.9;1.0000000000;0.0000000000
48.0;0.9;1.0000000000;0.0000000000
50.0;0.9;1.0000000000;0.0000000000
52.0;0.9;1.0000000000;0.0000000000
54.0;0.9;1.0000000000;0.0000000000
-10.0;0.9;0.5491383908;0.0000000000
-8.0;0.9;0.8497471150;0.0000000000
-6.0;0.9;0.9820800000;0.0000000000
-4.0;0.9;1.0000000000;0.0000000000
-2.0;0.9;1.0000000000;0.0000000000
0.0;0.9;1.0000000000;0.0000000000
2.0;0.9;1.0000000000;0.0000000000
4.0;0.9;1.0000000000;0.0000000000
6.0;0.9;1.0000000000;0.0000000000
8.0;0.9;1.0000000000;0.0000000000
10.0;0.9;1.0000000000;0.0000000000
12.0;0.9;1.0000000000;0.0000000000
14.0;0.9;1.0000000000;0.0000000000
16.0;0.9;1.0000000000;0.0000000000
18.0;0.9;1.0000000000;0.0000000000
20.0;0.9;1.0000000000;0.0000000000
22.0;0.9;1.0000000000;0.0000000000
24.0;0.9;1.0000000000;0.0000000000
26.0;0.9;1.0000000000;0.0000000000
28.0;0.9;1.0000000000;0.0000000000
30.0;0.9;1.0000000000;0.0000000000
32.0;0.9;1.0000000000;0.0000000000
34.0;0.9;1.0000000000;0.0000000000
36.0;0.9;1.0000000000;0.0000000000
38.0;0.9;1.0000000000;0.0000000000
40.0;0.9;1.0000000000;0.0000000000
42.0;0.9;1.0000000000;0.0000000000
44.0;0.9;1.0000000000;0.0000000000
46.0;0.9;1.0000000000;0.0000000000
48.0;0.9;1.0000000000;0.0000000000
50.0;0.9;1.0000000000;0.0000000000
52.0;0.9;1.0000000000;0.0000000000
54.0;0.9;1.0000000000;0.0000000000
-10.0;1.0;0.5354373703;0.0000000000
-8.0;1.0;0.8514231597;0.0000000000
-6.0;1.0;0.9830700000;0.0000000000
-4.0;1.0;1.0000000000;0.0000000000
-2.0;1.0;1.0000000000;0.0000000000
0.0;1.0;1.0000000000;0.0000000000
2.0;1.0;1.0000000000;0.0000000000
4.0;1.0;1.0000000000;0.0000000000
6.0;1.0;1.0000000000;0.0000000000
8.0;1.0;1.0000000000;0.0000000000
10.0;1.0;1.0000000000;0.0000000000
12.0;1.0;1.0000000000;0.0000000000
14.0;1.0;1.0000000000;0.0000000000
16.0;1.0;1.0000000000;0.0000000000
18.0;1.0;1.0000000000;0.0000000000
20.0;1.0;1.0000000000;0.0000000000
22.0;1.0;1.0000000000;0.0000000000
24.0;1.0;1.0000000000;0.0000000000
26.0;1.0;1.0000000000;0.0000000000
28.0;1.0;1.0000000000;0.0000000000
30.0;1.0;1.0000000000;0.0000000000
32.0;1.0;1.0000000000;0.0000000000
34.0;1.0;1.0000000000;0.0000000000
36.0;1.0;1.0000000000;0.0000000000
38.0;1.0;1.0000000000;0.0000000000
40.0;1.0;1.0000000000;0.0000000000
42.0;1.0;1.0000000000;0.0000000000
44.0;1.0;1.0000000000;0.0000000000
46.0;1.0;1.0000000000;0.0000000000
48.0;1.0;1.0000000000;0.0000000000
50.0;1.0;1.0000000000;0.0000000000
52.0;1.0;1.0000000000;0.0000000000
54.0;1.0;1.0000000000;0.0000000000
-10.0;1.0;1.0000000000;0.0000000000
-8.0;1.0;1.0000000000;0.0000000000
-6.0;1.0;1.0000000000;0.0000000000
-4.0;1.0;1.0000000000;0.0000000000
-2.0;1.0;1.0000000000;0.0000000000
0.0;1.0;1.0000000000;0.0000000000
2.0;1.0;1.0000000000;0.0000000000
4.0;1.0;1.0000000000;0.0000000000
6.0;1.0;1.0000000000;0.0000000000
8.0;1.0;1.0000000000;0.0000000000
10.0;1.0;1.0000000000;0.0000000000
12.0;1.0;1.0000000000;0.0000000000
14.0;1.0;1.0000000000;0.0000000000
16.0;1.0;1.0000000000;0.0000000000
18.0;1.0;1.0000000000;0.0000000000
20.0;1.0;1.0000000000;0.0000000000
22.0;1.0;1.0000000000;0.0000000000
24.0;1.0;1.0000000000;0.0000000000
26.0;1.0;1.0000000000;0.0000000000
28.0;1.0;1.0000000000;0.0000000000
30.0;1.0;1.0000000000;0.0000000000
32.0;1.0;1.0000000000;0.0000000000
34.0;1.0;1.0000000000;0.0000000000
36.0;1.0;1.0000000000;0.0000000000
38.0;1.0;1.0000000000;0.0000000000
40.0;1.0;1.0000000000;0.0000000000
42.0;1.0;1.0000000000;0.0000000000
44.0;1.0;1.0000000000;0.0000000000
46.0;1.0;1.0000000000;0.0000000000
48.0;1.0;1.0000000000;0.0000000000
50.0;1.0;1.0000000000;0.0000000000
52.0;1.0;1.0000000000;0.0000000000
54.0;1.0;1.0000000000;0.0000000000
-10.0;1.1;1.0000000000;0.0000000000
-8.0;1.1;1.0000000000;0.0000000000
-6.0;1.1;1.0000000000;0.0000000000
-4.0;1.1;1.0000000000;0.0000000000
-2.0;1.1;1.0000000000;0.0000000000
0.0;1.1;1.0000000000;0.0000000000
2.0;1.1;1.0000000000;0.0000000000
4.0;1.1;1.0000000000;0.0000000000
6.0;1.1;1.0000000000;0.0000000000
8.0;1.1;1.0000000000;0.0000000000
10.0;1.1;1.0000000000;0.0000000000
12.0;1.1;1.0000000000;0.0000000000
14.0;1.1;1.0000000000;0.0000000000
16.0;1.1;1.0000000000;0.0000000000
18.0;1.1;1.0000000000;0.0000000000
20.0;1.1;1.0000000000;0.0000000000
22.0;1.1;1.0000000000;0.0000000000
24.0;1.1;1.0000000000;0.0000000000
26.0;1.1;1.0000000000;0.0000000000
28.0;1.1;1.0000000000;0.0000000000
30.0;1.1;1.0000000000;0.0000000000
32.0;1.1;1.0000000000;0.0000000000
34.0;1.1;1.0000000000;0.0000000000
36.0;1.1;1.0000000000;0.0000000000
38.0;1.1;1.0000000000;0.0000000000
40.0;1.1;1.0000000000;0.0000000000
42.0;1.1;1.0000000000;0.0000000000
44.0;1.1;1.0000000000;0.0000000000
46.0;1.1;1.0000000000;0.0000000000
48.0;1.1;1.0000000000;0.0000000000
50.0;1.1;1.0000000000;0.0000000000
52.0;1.1;1.0000000000;0.0000000000
54.0;1.1;1.0000000000;0.0000000000
-10.0;1.1;1.0000000000;0.0000000000
-8.0;1.1;1.0000000000;0.0000000000
-6.0;1.1;1.0000000000;0.0000000000
-4.0;1.1;1.0000000000;0.0000000000
-2.0;1.1;1.0000000000;0.0000000000
0.0;1.1;1.0000000000;0.0000000000
2.0;1.1;1.0000000000;0.0000000000
4.0;1.1;1.0000000000;0.0000000000
6.0;1.1;1.0000000000;0.0000000000
8.0;1.1;1.0000000000;0.0000000000
10.0;1.1;1.0000000000;0.0000000000
12.0;1.1;1.0000000000;0.0000000000
14.0;1.1;1.0000000000;0.0000000000
16.0;1.1;1.0000000000;0.0000000000
18.0;1.1;1.0000000000;0.0000000000
20.0;1.1;1.0000000000;0.0000000000
22.0;1.1;1.0000000000;0.0000000000
24.0;1.1;1.0000000000;0.0000000000
26.0;1.1;1.0000000000;0.0000000000
28.0;1.1;1.0000000000;0.0000000000
30.0;1.1;1.0000000000;0.0000000000
32.0;1.1;1.0000000000;0.0000000000
34.0;1.1;1.0000000000;0.0000000000
36.0;1.1;1.0000000000;0.0000000000
38.0;1.1;1.0000000000;0.0000000000
40.0;1.1;1.0000000000;0.0000000000
42.0;1.1;1.0000000000;0.0000000000
44.0;1.1;1.0000000000;0.0000000000
46.0;1.1;1.0000000000;0.0000000000
48.0;1.1;1.0000000000;0.0000000000
50.0;1.1;1.0000000000;0.0000000000
52.0;1.1;1.0000000000;0.0000000000
54.0;1.1;1.0000000000;0.0000000000
-10.0;1.2;1.0000000000;0.0000000000
-8.0;1.2;1.0000000000;0.0000000000
-6.0;1.2;1.0000000000;0.0000000000
-4.0;1.2;1.0000000000;0.0000000000
-2.0;1.2;1.0000000000;0.0000000000
0.0;1.2;1.0000000000;0.0000000000
2.0;1.2;1.0000000000;0.0000000000
4.0;1.2;1.0000000000;0.0000000000
6.0;1.2;1.0000000000;0.0000000000
8.0;1.2;1.0000000000;0.0000000000
10.0;1.2;1.0000000000;0.0000000000
12.0;1.2;1.0000000000;0.0000000000
14.0;1.2;1.0000000000;0.0000000000
16.0;1.2;1.0000000000;0.0000000000
18.0;1.2;1.0000000000;0.0000000000
20.0;1.2;1.0000000000;0.0000000000
22.0;1.2;1.0000000000;0.0000000000
24.0;1.2;1.0000000000;0.0000000000
26.0;1.2;1.0000000000;0.0000000000
28.0;1.2;1.0000000000;0.0000000000
30.0;1.2;1.0000000000;0.0000000000
32.0;1.2;1.0000000000;0.0000000000
34.0;1.2;1.0000000000;0.0000000000
36.0;1.2;1.0000000000;0.0000000000
38.0;1.2;1.0000000000;0.0000000000
40.0;1.2;1.0000000000;0.0000000000
42.0;1.2;1.0000000000;0.0000000000
44.0;1.2;1.0000000000;0.0000000000
46.0;1.2;1.0000000000;0.0000000000
48.0;1.2;1.0000000000;0.0000000000
50.0;1.2;1.0000000000;0.0000000000
52.0;1.2;1.0000000000;0.0000000000
54.0;1.2;1.0000000000;0.0000000000
-10.0;1.2;1.0000000000;0.0000000000
-8.0;1.2;1.0000000000;0.0000000000
-6.0;1.2;1.0000000000;0.0000000000
-4.0;1.2;1.0000000000;0.0000000000
-2.0;1.2;1.0000000000;0.0000000000
0.0;1.2;1.0000000000;0.0000000000
2.0;1.2;1.0000000000;0.0000000000
4.0;1.2;1.0000000000;0.0000000000
6.0;1.2;1.0000000000;0.0000000000
8.0;1.2;1.0000000000;0.0000000000
10.0;1.2;1.0000000000;0.0000000000
12.0;1.2;1.0000000000;0.0000000000
14.0;1.2;1.0000000000;0.0000000000
16.0;1.2;1.0000000000;0.0000000000
18.0;1.2;1.0000000000;0.0000000000
20.0;1.2;1.0000000000;0.0000000000
22.0;1.2;1.0000000000;0.0000000000
24.0;1.2;1.0000000000;0.0000000000
26.0;1.2;1.0000000000;0.0000000000
28.0;1.2;1.0000000000;0.0000000000
30.0;1.2;1.0000000000;0.0000000000
32.0;1.2;1.0000000000;0.0000000000
34.0;1.2;1.0000000000;0.0000000000
36.0;1.2;1.0000000000;0.0000000000
38.0;1.2;1.0000000000;0.0000000000
40.0;1.2;1.0000000000;0.0000000000
42.0;1.2;1.0000000000;0.0000000000
44.0;1.2;1.0000000000;0.0000000000
46.0;1.2;1.0000000000;0.0000000000
48.0;1.2;1.0000000000;0.0000000000
50.0;1.2;1.0000000000;0.0000000000
52.0;1.2;1.0000000000;0.0000000000
54.0;1.2;1.0000000000;0.0000000000
-10.0;1.3;1.0000000000;0.0000000000
-8.0;1.3;1.0000000000;0.0000000000
-6.0;1.3;1.0000000000;0.0000000000
-4.0;1.3;1.0000000000;0.0000000000
-2.0;1.3;1.0000000000;0.0000000000
0.0;1.3;1.0000000000;0.0000000000
2.0;1.3;1.0000000000;0.0000000000
4.0;1.3;1.0000000000;0.0000000000
6.0;1.3;1.0000000000;0.0000000000
8.0;1.3;1.0000000000;0.0000000000
10.0;1.3;1.0000000000;0.0000000000
12.0;1.3;1.0000000000;0.0000000000
14.0;1.3;1.0000000000;0.0000000000
16.0;1.3;1.0000000000;0.0000000000
18.0;1.3;1.0000000000;0.0000000000
20.0;1.3;1.0000000000;0.0000000000
22.0;1.3;1.0000000000;0.0000000000
24.0;1.3;1.0000000000;0.0000000000
26.0;1.3;1.0000000000;0.0000000000
28.0;1.3;1.0000000000;0.0000000000
30.0;1.3;1.0000000000;0.0000000000
32.0;1.3;1.0000000000;0.0000000000
34.0;1.3;1.0000000000;0.0000000000
36.0;1.3;1.0000000000;0.0000000000
38.0;1.3;1.0000000000;0.0000000000
40.0;1.3;1.0000000000;0.0000000000
42.0;1.3;1.0000000000;0.0000000000
44.0;1.3;1.0000000000;0.0000000000
46.0;1.3;1.0000000000;0.0000000000
48.0;1.3;1.0000000000;0.0000000000
50.0;1.3;1.0000000000;0.0000000000
52.0;1.3;1.0000000000;0.0000000000
54.0;1.3;1.0000000000;0.0000000000
-10.0;1.3;1.0000000000;0.0000000000
-8.0;1.3;1.0000000000;0.0000000000
-6.0;1.3;1.0000000000;0.0000000000
-4.0;1.3;1.0000000000;0.0000000000
-2.0;1.3;1.0000000000;0.0000000000
0.0;1.3;1.0000000000;0.0000000000
2.0;1.3;1.0000000000;0.0000000000
4.0;1.3;1.0000000000;0.0000000000
6.0;1.3;1.0000000000;0.0000000000
8.0;1.3;1.0000000000;0.0000000000
10.0;1.3;1.0000000000;0.0000000000
12.0;1.3;1.0000000000;0.0000000000
14.0;1.3;1.0000000000;0.0000000000
16.0;1.3;1.0000000000;0.0000000000
18.0;1.3;1.0000000000;0.0000000000
20.0;1.3;1.0000000000;0.0000000000
22.0;1.3;1.0000000000;0.0000000000
24.0;1.3;1.0000000000;0.0000000000
26.0;1.3;1.0000000000;0.0000000000
28.0;1.3;1.0000000000;0.0000000000
30.0;1.3;1.0000000000;0.0000000000
32.0;1.3;1.0000000000;0.0000000000
34.0;1.3;1.0000000000;0.0000000000
36.0;1.3;1.0000000000;0.0000000000
38.0;1.3;1.0000000000;0.0000000000
40.0;1.3;1.0000000000;0.0000000000
42.0;1.3;1.0000000000;0.0000000000
44.0;1.3;1.0000000000;0.0000000000
46.0;1.3;1.0000000000;0.0000000000
48.0;1.3;1.0000000000;0.0000000000
50.0;1.3;1.0000000000;0.0000000000
52.0;1.3;1.0000000000;0.0000000000
54.0;1.3;1.0000000000;0.0000000000
-10.0;1.4;1.0000000000;0.0000000000
-8.0;1.4;1.0000000000;0.0000000000
-6.0;1.4;1.0000000000;0.0000000000
-4.0;1.4;1.0000000000;0.0000000000
-2.0;1.4;1.0000000000;0.0000000000
0.0;1.4;1.0000000000;0.0000000000
2.0;1.4;1.0000000000;0.0000000000
4.0;1.4;1.0000000000;0.0000000000
6.0;1.4;1.0000000000;0.0000000000
8.0;1.4;1.0000000000;0.0000000000
10.0;1.4;1.0000000000;0.0000000000
12.0;1.4;1.0000000000;0.0000000000
14.0;1.4;1.0000000000;0.0000000000
16.0;1.4;1.0000000000;0.0000000000
18.0;1.4;1.0000000000;0.0000000000
20.0;1.4;1.0000000000;0.0000000000
22.0;1.4;1.0000000000;0.0000000000
24.0;1.4;1.0000000000;0.0000000000
26.0;1.4;1.0000000000;0.0000000000
28.0;1.4;1.0000000000;0.0000000000
30.0;1.4;1.0000000000;0.0000000000
32.0;1.4;1.0000000000;0.0000000000
34.0;1.4;1.0000000000;0.0000000000
36.0;1.4;1.0000000000;0.0000000000
38.0;1.4;1.0000000000;0.0000000000
40.0;1.4;1.0000000000;0.0000000000
42.0;1.4;1.0000000000;0.0000000000
44.0;1.4;1.0000000000;0.0000000000
46.0;1.4;1.0000000000;0.0000000000
48.0;1.4;1.0000000000;0.0000000000
50.0;1.4;1.0000000000;0.0000000000
52.0;1.4;1.0000000000;0.0000000000
54.0;1.4;1.0000000000;0.0000000000
-10.0;1.4;1.0000000000;0.0000000000
-8.0;1.4;1.0000000000;0.0000000000
-6.0;1.4;1.0000000000;0.0000000000
-4.0;1.4;1.0000000000;0.0000000000
-2.0;1.4;1.0000000000;0.0000000000
0.0;1.4;1.0000000000;0.0000000000
2.0;1.4;1.0000000000;0.0000000000
4.0;1.4;1.0000000000;0.0000000000
6.0;1.4;1.0000000000;0.0000000000
8.0;1.4;1.0000000000;0.0000000000
10.0;1.4;1.0000000000;0.0000000000
12.0;1.4;1.0000000000;0.0000000000
14.0;1.4;1.0000000000;0.0000000000
16.0;1.4;1.0000000000;0.0000000000
18.0;1.4;1.0000000000;0.0000000000
20.0;1.4;1.0000000000;0.0000000000
22.0;1.4;1.0000000000;0.0000000000
24.0;1.4;1.0000000000;0.0000000000
26.0;1.4;1.0000000000;0.0000000000
28.0;1.4;1.0000000000;0.0000000000
30.0;1.4;1.0000000000;0.0000000000
32.0;1.4;1.0000000000;0.0000000000
34.0;1.4;1.0000000000;0.0000000000
36.0;1.4;1.0000000000;0.0000000000
38.0;1.4;1.0000000000;0.0000000000
40.0;1.4;1.0000000000;0.0000000000
42.0;1.4;1.0000000000;0.0000000000
44.0;1.4;1.0000000000;0.0000000000
46.0;1.4;1.0000000000;0.0000000000
48.0;1.4;1.0000000000;0.0000000000
50.0;1.4;1.0000000000;0.0000000000
52.0;1.4;1.0000000000;0.0000000000
54.0;1.4;1.0000000000;0.0000000000
-10.0;1.5;1.0000000000;0.0000000000
-8.0;1.5;1.0000000000;0.0000000000
-6.0;1.5;1.0000000000;0.0000000000
-4.0;1.5;1.0000000000;0.0000000000
-2.0;1.5;1.0000000000;0.0000000000
0.0;1.5;1.0000000000;0.0000000000
2.0;1.5;1.0000000000;0.0000000000
4.0;1.5;1.0000000000;0.0000000000
6.0;1.5;1.0000000000;0.0000000000
8.0;1.5;1.0000000000;0.0000000000
10.0;1.5;1.0000000000;0.0000000000
12.0;1.5;1.0000000000;0.0000000000
14.0;1.5;1.0000000000;0.0000000000
16.0;1.5;1.0000000000;0.0000000000
18.0;1.5;1.0000000000;0.0000000000
20.0;1.5;1.0000000000;0.0000000000
22.0;1.5;1.0000000000;0.0000000000
24.0;1.5;1.0000000000;0.0000000000
26.0;1.5;1.0000000000;0.0000000000
28.0;1.5;1.0000000000;0.0000000000
30.0;1.5;1.0000000000;0.0000000000
32.0;1.5;1.0000000000;0.0000000000
34.0;1.5;1.0000000000;0.0000000000
36.0;1.5;1.0000000000;0.0000000000
38.0;1.5;1.0000000000;0.0000000000
40.0;1.5;1.0000000000;0.0000000000
42.0;1.5;1.0000000000;0.0000000000
44.0;1.5;1.0000000000;0.0000000000
46.0;1.5;1.0000000000;0.0000000000
48.0;1.5;1.0000000000;0.0000000000
50.0;1.5;1.0000000000;0.0000000000
52.0;1.5;1.0000000000;0.0000000000
54.0;1.5;1.0000000000;0.0000000000
