 
Simulation parameters: 
Number of runs: 1 
Number of trajectories: 1000 
Discarded per iteration: 10 
Length of trajectories: 100 
Time step of the simulation: 0.01 
Coupling parameter: 0.003 
Noise factor: 0.1 
[ 0. -1.]; 0.00034802; 0.00000000 
[10. -1.]; 0.00038844; 0.00000000 
[20. -1.]; 0.00030722; 0.00000000 
[30. -1.]; 0.00025905; 0.00000000 
[40. -1.]; 0.00040317; 0.00000000 
[50. -1.]; 0.00029545; 0.00000000 
[60. -1.]; 0.00030869; 0.00000000 
[70. -1.]; 0.00048974; 0.00000000 
[80. -1.]; 0.00030033; 0.00000000 
[ 0.  -0.8]; 0.00030166; 0.00000000 
[10.  -0.8]; 0.00041871; 0.00000000 
[20.  -0.8]; 0.00057044; 0.00000000 
[30.  -0.8]; 0.00036793; 0.00000000 
[40.  -0.8]; 0.00027044; 0.00000000 
[50.  -0.8]; 0.00023627; 0.00000000 
[60.  -0.8]; 0.00039339; 0.00000000 
[70.  -0.8]; 0.00042772; 0.00000000 
[80.  -0.8]; 0.00053328; 0.00000000 
[ 0.  -0.6]; 0.00000031; 0.00000000 
[10.  -0.6]; 0.00000014; 0.00000000 
[20.  -0.6]; 0.00000012; 0.00000000 
[30.  -0.6]; 0.00000016; 0.00000000 
[40.  -0.6]; 0.00000023; 0.00000000 
[50.  -0.6]; 0.00000038; 0.00000000 
[60.  -0.6]; 0.00000120; 0.00000000 
[70.  -0.6]; 0.00000263; 0.00000000 
[80.  -0.6]; 0.00001189; 0.00000000 
[ 0.  -0.4]; 0.00000000; 0.00000000 
[10.  -0.4]; 0.00000000; 0.00000000 
[20.  -0.4]; 0.00100000; 0.00000000 
[30.  -0.4]; 0.00000000; 0.00000000 
[40.  -0.4]; 0.00000000; 0.00000000 
[50.  -0.4]; 0.00000000; 0.00000000 
[60.  -0.4]; 0.00000000; 0.00000000 
[70.  -0.4]; 0.00001079; 0.00000000 
[80.  -0.4]; 0.00120530; 0.00000000 
[ 0.  -0.2]; 0.00000000; 0.00000000 
[10.  -0.2]; 0.00000000; 0.00000000 
[20.  -0.2]; 0.00000160; 0.00000000 
[30.  -0.2]; 0.00063656; 0.00000000 
[40.  -0.2]; 0.02013508; 0.00000000 
[50.  -0.2]; 0.09761307; 0.00000000 
[60.  -0.2]; 0.28711912; 0.00000000 
[70.  -0.2]; 0.53274068; 0.00000000 
[80.  -0.2]; 0.74523259; 0.00000000 
[0. 0.]; 0.36597296; 0.00000000 
[10.  0.]; 0.59008543; 0.00000000 
[20.  0.]; 0.81872600; 0.00000000 
[30.  0.]; 0.86975500; 0.00000000 
[40.  0.]; 0.95500000; 0.00000000 
[50.  0.]; 0.98400000; 0.00000000 
[60.  0.]; 0.99500000; 0.00000000 
[70.  0.]; 0.99900000; 0.00000000 
[80.  0.]; 0.99900000; 0.00000000 
[0.  0.2]; 0.99700000; 0.00000000 
[10.   0.2]; 0.99800000; 0.00000000 
[20.   0.2]; 1.00000000; 0.00000000 
[30.   0.2]; 1.00000000; 0.00000000 
[40.   0.2]; 1.00000000; 0.00000000 
[50.   0.2]; 1.00000000; 0.00000000 
[60.   0.2]; 1.00000000; 0.00000000 
[70.   0.2]; 1.00000000; 0.00000000 
[80.   0.2]; 1.00000000; 0.00000000 
[0.  0.4]; 1.00000000; 0.00000000 
[10.   0.4]; 1.00000000; 0.00000000 
[20.   0.4]; 1.00000000; 0.00000000 
[30.   0.4]; 1.00000000; 0.00000000 
[40.   0.4]; 1.00000000; 0.00000000 
[50.   0.4]; 1.00000000; 0.00000000 
[60.   0.4]; 1.00000000; 0.00000000 
[70.   0.4]; 1.00000000; 0.00000000 
[80.   0.4]; 1.00000000; 0.00000000 
[0.  0.6]; 1.00000000; 0.00000000 
[10.   0.6]; 1.00000000; 0.00000000 
[20.   0.6]; 1.00000000; 0.00000000 
[30.   0.6]; 1.00000000; 0.00000000 
[40.   0.6]; 1.00000000; 0.00000000 
[50.   0.6]; 1.00000000; 0.00000000 
[60.   0.6]; 1.00000000; 0.00000000 
[70.   0.6]; 1.00000000; 0.00000000 
[80.   0.6]; 1.00000000; 0.00000000 
[0.  0.8]; 1.00000000; 0.00000000 
[10.   0.8]; 1.00000000; 0.00000000 
[20.   0.8]; 1.00000000; 0.00000000 
[30.   0.8]; 1.00000000; 0.00000000 
[40.   0.8]; 1.00000000; 0.00000000 
[50.   0.8]; 1.00000000; 0.00000000 
[60.   0.8]; 1.00000000; 0.00000000 
[70.   0.8]; 1.00000000; 0.00000000 
[80.   0.8]; 1.00000000; 0.00000000 
 
Simulation parameters: 
Number of runs: 1 
Number of trajectories: 1000 
Discarded per iteration: 10 
Length of trajectories: 100 
Time step of the simulation: 0.01 
Coupling parameter: 0.003 
Noise factor: 0.1 
 
Simulation parameters: 
Number of runs: 1 
Number of trajectories: 1000 
Discarded per iteration: 10 
Length of trajectories: 100 
Time step of the simulation: 0.01 
Coupling parameter: 0.003 
Noise factor: 0.1 
 
Simulation parameters: 
Number of runs: 1 
Number of trajectories: 1000 
Discarded per iteration: 10 
Length of trajectories: 100 
Time step of the simulation: 0.01 
Coupling parameter: 0.003 
Noise factor: 0.1 
 
Simulation parameters: 
Number of runs: 1 
Number of trajectories: 1000 
Discarded per iteration: 10 
Length of trajectories: 100 
Time step of the simulation: 0.01 
Coupling parameter: 0.003 
Noise factor: 0.1 
[ 0. -1.]; 0.00048622; 0.00000000 
[ 5. -1.]; 0.00019419; 0.00000000 
[10. -1.]; 0.00033870; 0.00000000 
[15. -1.]; 0.00039313; 0.00000000 
[20. -1.]; 0.00027302; 0.00000000 
[25. -1.]; 0.00029734; 0.00000000 
[30. -1.]; 0.00032854; 0.00000000 
[35. -1.]; 0.00031616; 0.00000000 
[40. -1.]; 0.00041081; 0.00000000 
[45. -1.]; 0.00035317; 0.00000000 
[50. -1.]; 0.00019571; 0.00000000 
[55. -1.]; 0.00020537; 0.00000000 
[60. -1.]; 0.00050785; 0.00000000 
[65. -1.]; 0.00019010; 0.00000000 
[70. -1.]; 0.00031255; 0.00000000 
[75. -1.]; 0.00025492; 0.00000000 
[80. -1.]; 0.00055043; 0.00000000 
[85. -1.]; 0.00043499; 0.00000000 
[90. -1.]; 0.00003487; 0.00000000 
[ 0.  -0.9]; 0.00039910; 0.00000000 
[ 5.  -0.9]; 0.00054093; 0.00000000 
[10.  -0.9]; 0.00030753; 0.00000000 
[15.  -0.9]; 0.00048077; 0.00000000 
[20.  -0.9]; 0.00042861; 0.00000000 
[25.  -0.9]; 0.00044813; 0.00000000 
[30.  -0.9]; 0.00031712; 0.00000000 
[35.  -0.9]; 0.00047177; 0.00000000 
[40.  -0.9]; 0.00024661; 0.00000000 
[45.  -0.9]; 0.00034753; 0.00000000 
[50.  -0.9]; 0.00028975; 0.00000000 
[55.  -0.9]; 0.00023807; 0.00000000 
[60.  -0.9]; 0.00031896; 0.00000000 
[65.  -0.9]; 0.00024426; 0.00000000 
[70.  -0.9]; 0.00042726; 0.00000000 
[75.  -0.9]; 0.00031531; 0.00000000 
[80.  -0.9]; 0.00039826; 0.00000000 
[85.  -0.9]; 0.00024234; 0.00000000 
[90.  -0.9]; 0.00009531; 0.00000000 
[ 0.  -0.8]; 0.00030775; 0.00000000 
[ 5.  -0.8]; 0.00027109; 0.00000000 
[10.  -0.8]; 0.00036547; 0.00000000 
[15.  -0.8]; 0.00039602; 0.00000000 
[20.  -0.8]; 0.00056033; 0.00000000 
[25.  -0.8]; 0.00034533; 0.00000000 
[30.  -0.8]; 0.00037991; 0.00000000 
[35.  -0.8]; 0.00050564; 0.00000000 
[40.  -0.8]; 0.00046241; 0.00000000 
[45.  -0.8]; 0.00049031; 0.00000000 
[50.  -0.8]; 0.00033375; 0.00000000 
[55.  -0.8]; 0.00037513; 0.00000000 
[60.  -0.8]; 0.00037005; 0.00000000 
[65.  -0.8]; 0.00024942; 0.00000000 
[70.  -0.8]; 0.00031444; 0.00000000 
[75.  -0.8]; 0.00046403; 0.00000000 
[80.  -0.8]; 0.00026828; 0.00000000 
[85.  -0.8]; 0.00063177; 0.00000000 
[90.  -0.8]; 0.00013370; 0.00000000 
[ 0.  -0.7]; 0.00025091; 0.00000000 
[ 5.  -0.7]; 0.00022818; 0.00000000 
[10.  -0.7]; 0.00028022; 0.00000000 
[15.  -0.7]; 0.00036091; 0.00000000 
[20.  -0.7]; 0.00024196; 0.00000000 
[25.  -0.7]; 0.00037918; 0.00000000 
[30.  -0.7]; 0.00030943; 0.00000000 
[35.  -0.7]; 0.00031841; 0.00000000 
[40.  -0.7]; 0.00027316; 0.00000000 
[45.  -0.7]; 0.00035377; 0.00000000 
[50.  -0.7]; 0.00036382; 0.00000000 
[55.  -0.7]; 0.00030610; 0.00000000 
[60.  -0.7]; 0.00030356; 0.00000000 
[65.  -0.7]; 0.00021737; 0.00000000 
[70.  -0.7]; 0.00027950; 0.00000000 
[75.  -0.7]; 0.00027245; 0.00000000 
[80.  -0.7]; 0.00052246; 0.00000000 
[85.  -0.7]; 0.00036065; 0.00000000 
[90.  -0.7]; 0.00071819; 0.00000000 
[ 0.  -0.6]; 0.00000020; 0.00000000 
[ 5.  -0.6]; 0.00000020; 0.00000000 
[10.  -0.6]; 0.00000018; 0.00000000 
[15.  -0.6]; 0.00000017; 0.00000000 
[20.  -0.6]; 0.00000018; 0.00000000 
[25.  -0.6]; 0.00000022; 0.00000000 
[30.  -0.6]; 0.00000020; 0.00000000 
[35.  -0.6]; 0.00000047; 0.00000000 
[40.  -0.6]; 0.00000027; 0.00000000 
[45.  -0.6]; 0.00000028; 0.00000000 
[50.  -0.6]; 0.00000053; 0.00000000 
[55.  -0.6]; 0.00000083; 0.00000000 
[60.  -0.6]; 0.00000107; 0.00000000 
[65.  -0.6]; 0.00000151; 0.00000000 
[70.  -0.6]; 0.00000239; 0.00000000 
[75.  -0.6]; 0.00000697; 0.00000000 
[80.  -0.6]; 0.00002132; 0.00000000 
[85.  -0.6]; 0.00004355; 0.00000000 
[90.  -0.6]; 0.00009757; 0.00000000 
[ 0.  -0.5]; 0.00000000; 0.00000000 
[ 5.  -0.5]; 0.00000000; 0.00000000 
[10.  -0.5]; 0.00000000; 0.00000000 
[15.  -0.5]; 0.00000000; 0.00000000 
[20.  -0.5]; 0.00000000; 0.00000000 
[25.  -0.5]; 0.00000000; 0.00000000 
[30.  -0.5]; 0.00000000; 0.00000000 
[35.  -0.5]; 0.00000000; 0.00000000 
[40.  -0.5]; 0.00000000; 0.00000000 
[45.  -0.5]; 0.00000000; 0.00000000 
[50.  -0.5]; 0.00000000; 0.00000000 
[55.  -0.5]; 0.00000000; 0.00000000 
[60.  -0.5]; 0.00000000; 0.00000000 
[65.  -0.5]; 0.00000000; 0.00000000 
[70.  -0.5]; 0.00000000; 0.00000000 
[75.  -0.5]; 0.00000002; 0.00000000 
[80.  -0.5]; 0.00000139; 0.00000000 
[85.  -0.5]; 0.00004779; 0.00000000 
[90.  -0.5]; 0.00031718; 0.00000000 
[ 0.  -0.4]; 0.00000000; 0.00000000 
[ 5.  -0.4]; 0.00000000; 0.00000000 
[10.  -0.4]; 0.00000000; 0.00000000 
[15.  -0.4]; 0.00100000; 0.00000000 
[20.  -0.4]; 0.00100000; 0.00000000 
[25.  -0.4]; 0.00000000; 0.00000000 
[30.  -0.4]; 0.00000000; 0.00000000 
[35.  -0.4]; 0.00000000; 0.00000000 
[40.  -0.4]; 0.00000000; 0.00000000 
[45.  -0.4]; 0.00000000; 0.00000000 
[50.  -0.4]; 0.00000000; 0.00000000 
[55.  -0.4]; 0.00000000; 0.00000000 
[60.  -0.4]; 0.00000000; 0.00000000 
[65.  -0.4]; 0.00000004; 0.00000000 
[70.  -0.4]; 0.00001104; 0.00000000 
[75.  -0.4]; 0.00014843; 0.00000000 
[80.  -0.4]; 0.00127321; 0.00000000 
[85.  -0.4]; 0.00964245; 0.00000000 
[90.  -0.4]; 0.02898571; 0.00000000 
[ 0.  -0.3]; 0.00000000; 0.00000000 
[ 5.  -0.3]; 0.00000000; 0.00000000 
[10.  -0.3]; 0.00000000; 0.00000000 
[15.  -0.3]; 0.00000000; 0.00000000 
[20.  -0.3]; 0.00000000; 0.00000000 
[25.  -0.3]; 0.00000000; 0.00000000 
[30.  -0.3]; 0.00000000; 0.00000000 
[35.  -0.3]; 0.00000000; 0.00000000 
[40.  -0.3]; 0.00000000; 0.00000000 
[45.  -0.3]; 0.00000022; 0.00000000 
[50.  -0.3]; 0.00000931; 0.00000000 
[55.  -0.3]; 0.00039567; 0.00000000 
[60.  -0.3]; 0.00161181; 0.00000000 
[65.  -0.3]; 0.00730607; 0.00000000 
[70.  -0.3]; 0.03390351; 0.00000000 
[75.  -0.3]; 0.09194170; 0.00000000 
[80.  -0.3]; 0.17580750; 0.00000000 
[85.  -0.3]; 0.27607057; 0.00000000 
[90.  -0.3]; 0.41620100; 0.00000000 
[ 0.  -0.2]; 0.00000000; 0.00000000 
[ 5.  -0.2]; 0.00000000; 0.00000000 
[10.  -0.2]; 0.00000000; 0.00000000 
[15.  -0.2]; 0.00000002; 0.00000000 
[20.  -0.2]; 0.00000142; 0.00000000 
[25.  -0.2]; 0.00009044; 0.00000000 
[30.  -0.2]; 0.00064078; 0.00000000 
[35.  -0.2]; 0.00406160; 0.00000000 
[40.  -0.2]; 0.02000282; 0.00000000 
[45.  -0.2]; 0.04671079; 0.00000000 
[50.  -0.2]; 0.09705016; 0.00000000 
[55.  -0.2]; 0.20832560; 0.00000000 
[60.  -0.2]; 0.28828037; 0.00000000 
[65.  -0.2]; 0.42560228; 0.00000000 
[70.  -0.2]; 0.52952497; 0.00000000 
[75.  -0.2]; 0.67763283; 0.00000000 
[80.  -0.2]; 0.74523259; 0.00000000 
[85.  -0.2]; 0.84746600; 0.00000000 
[90.  -0.2]; 0.89331600; 0.00000000 
[ 0.  -0.1]; 0.00055516; 0.00000000 
[ 5.  -0.1]; 0.00622996; 0.00000000 
[10.  -0.1]; 0.02482058; 0.00000000 
[15.  -0.1]; 0.06562009; 0.00000000 
[20.  -0.1]; 0.12717454; 0.00000000 
[25.  -0.1]; 0.20183163; 0.00000000 
[30.  -0.1]; 0.32156459; 0.00000000 
[35.  -0.1]; 0.43723556; 0.00000000 
[40.  -0.1]; 0.53521093; 0.00000000 
[45.  -0.1]; 0.66744453; 0.00000000 
[50.  -0.1]; 0.74162244; 0.00000000 
[55.  -0.1]; 0.81779767; 0.00000000 
[60.  -0.1]; 0.88400000; 0.00000000 
[65.  -0.1]; 0.91157400; 0.00000000 
[70.  -0.1]; 0.93800000; 0.00000000 
[75.  -0.1]; 0.96500000; 0.00000000 
[80.  -0.1]; 0.98300000; 0.00000000 
[85.  -0.1]; 0.99100000; 0.00000000 
[90.  -0.1]; 0.99100000; 0.00000000 
[ 0.00000000e+00 -2.22044605e-16]; 0.36596316; 0.00000000 
[ 5.00000000e+00 -2.22044605e-16]; 0.49734254; 0.00000000 
[ 1.00000000e+01 -2.22044605e-16]; 0.59008543; 0.00000000 
[ 1.50000000e+01 -2.22044605e-16]; 0.69185239; 0.00000000 
[ 2.00000000e+01 -2.22044605e-16]; 0.81872600; 0.00000000 
[ 2.50000000e+01 -2.22044605e-16]; 0.85111037; 0.00000000 
[ 3.00000000e+01 -2.22044605e-16]; 0.86975500; 0.00000000 
[ 3.50000000e+01 -2.22044605e-16]; 0.92600000; 0.00000000 
[ 4.00000000e+01 -2.22044605e-16]; 0.95500000; 0.00000000 
[ 4.50000000e+01 -2.22044605e-16]; 0.98100000; 0.00000000 
[ 5.00000000e+01 -2.22044605e-16]; 0.98400000; 0.00000000 
[ 5.50000000e+01 -2.22044605e-16]; 0.99000000; 0.00000000 
[ 6.00000000e+01 -2.22044605e-16]; 0.99500000; 0.00000000 
[ 6.50000000e+01 -2.22044605e-16]; 0.99700000; 0.00000000 
[ 7.00000000e+01 -2.22044605e-16]; 0.99900000; 0.00000000 
[ 7.50000000e+01 -2.22044605e-16]; 1.00000000; 0.00000000 
[ 8.00000000e+01 -2.22044605e-16]; 0.99900000; 0.00000000 
[ 8.50000000e+01 -2.22044605e-16]; 1.00000000; 0.00000000 
[ 9.00000000e+01 -2.22044605e-16]; 1.00000000; 0.00000000 
[0.  0.1]; 0.91700000; 0.00000000 
[5.  0.1]; 0.96800000; 0.00000000 
[10.   0.1]; 0.97200000; 0.00000000 
[15.   0.1]; 0.98200000; 0.00000000 
[20.   0.1]; 0.99000000; 0.00000000 
[25.   0.1]; 0.99500000; 0.00000000 
[30.   0.1]; 0.99500000; 0.00000000 
[35.   0.1]; 0.99700000; 0.00000000 
[40.   0.1]; 0.99900000; 0.00000000 
[45.   0.1]; 0.99900000; 0.00000000 
[50.   0.1]; 1.00000000; 0.00000000 
[55.   0.1]; 1.00000000; 0.00000000 
[60.   0.1]; 1.00000000; 0.00000000 
[65.   0.1]; 1.00000000; 0.00000000 
[70.   0.1]; 1.00000000; 0.00000000 
[75.   0.1]; 1.00000000; 0.00000000 
[80.   0.1]; 1.00000000; 0.00000000 
[85.   0.1]; 1.00000000; 0.00000000 
[90.   0.1]; 1.00000000; 0.00000000 
[0.  0.2]; 0.99700000; 0.00000000 
[5.  0.2]; 1.00000000; 0.00000000 
[10.   0.2]; 0.99800000; 0.00000000 
[15.   0.2]; 1.00000000; 0.00000000 
[20.   0.2]; 1.00000000; 0.00000000 
[25.   0.2]; 1.00000000; 0.00000000 
[30.   0.2]; 1.00000000; 0.00000000 
[35.   0.2]; 1.00000000; 0.00000000 
[40.   0.2]; 1.00000000; 0.00000000 
[45.   0.2]; 1.00000000; 0.00000000 
[50.   0.2]; 1.00000000; 0.00000000 
[55.   0.2]; 1.00000000; 0.00000000 
[60.   0.2]; 1.00000000; 0.00000000 
[65.   0.2]; 1.00000000; 0.00000000 
[70.   0.2]; 1.00000000; 0.00000000 
[75.   0.2]; 1.00000000; 0.00000000 
[80.   0.2]; 1.00000000; 0.00000000 
[85.   0.2]; 1.00000000; 0.00000000 
[90.   0.2]; 1.00000000; 0.00000000 
[0.  0.3]; 1.00000000; 0.00000000 
[5.  0.3]; 1.00000000; 0.00000000 
[10.   0.3]; 1.00000000; 0.00000000 
[15.   0.3]; 1.00000000; 0.00000000 
[20.   0.3]; 1.00000000; 0.00000000 
[25.   0.3]; 1.00000000; 0.00000000 
[30.   0.3]; 1.00000000; 0.00000000 
[35.   0.3]; 1.00000000; 0.00000000 
[40.   0.3]; 1.00000000; 0.00000000 
[45.   0.3]; 1.00000000; 0.00000000 
[50.   0.3]; 1.00000000; 0.00000000 
[55.   0.3]; 1.00000000; 0.00000000 
[60.   0.3]; 1.00000000; 0.00000000 
[65.   0.3]; 1.00000000; 0.00000000 
[70.   0.3]; 1.00000000; 0.00000000 
[75.   0.3]; 1.00000000; 0.00000000 
[80.   0.3]; 1.00000000; 0.00000000 
[85.   0.3]; 1.00000000; 0.00000000 
[90.   0.3]; 1.00000000; 0.00000000 
